#station #time #x #y
1 0 76.406262405 45.676448824
2 0 62.413007169 60.506103594
3 0 112.322507825 36.849029711
4 0 112.209530778 36.950806811
5 0 77.466691774 44.41782432
1 0.2 76.406380467 45.676871062
2 0.2 62.425994642 60.495130664
3 0.2 112.318516639 36.846958953
4 0.2 112.20979649 36.950378403
5 0.2 77.466538854 44.418252723
1 0.4 76.396650967 45.677944096
2 0.4 62.425909483 60.49598296
3 0.4 112.312814192 36.842786913
4 0.4 112.209633642 36.950380589
5 0.4 77.466430496 44.418255176
1 0.6 76.316600292 45.769444501
2 0.6 62.424850556 60.502811437
3 0.6 112.312282727 36.843643714
4 0.6 112.210176469 36.950373304
5 0.6 77.466322138 44.41825763
1 0.8 76.418203626 45.594585521
2 0.8 62.454031833 60.497780202
3 0.8 112.31206559 36.843646622
4 0.8 112.214426736 36.890838477
5 0.8 77.466322138 44.41825763
1 1 76.456343066 45.229958384
2 1 62.539193876 60.40370019
3 1 112.31206559 36.843646622
4 1 112.274931334 36.864111701
5 1 77.466322138 44.41825763
1 1.2 76.488026576 45.035032772
2 1.2 62.539656726 60.402837798
3 1.2 112.208795448 36.802971904
4 1.2 112.330850011 36.855715467
5 1.2 77.466322138 44.41825763
1 1.4 76.755086554 45.040823194
2 1.4 62.250530961 60.303903441
3 1.4 112.115378327 36.635139897
4 1.4 112.317719441 36.848244152
5 1.4 77.467789722 44.454344362
1 1.6 77.070309569 45.153046755
2 1.6 62.097168426 59.818409066
3 1.6 112.156026962 36.407303573
4 1.6 112.317339452 36.848249241
5 1.6 77.467627187 44.454348042
1 1.8 77.22407809 44.821920868
2 1.8 62.061981022 59.46532182
3 1.8 112.171579152 36.320002279
4 1.8 112.316996681 36.846979308
5 1.8 77.469306718 44.454310013
1 2 77.229907369 44.60124373
2 2 63.335514967 59.399030839
3 2 112.224038332 35.996419176
4 2 112.317045277 36.846553817
5 2 77.469099621 44.454739643
1 2.2 77.497867631 44.499557024
2 2.2 64.457340229 58.616774323
3 2.2 112.227100453 35.961541166
4 2.2 112.316768167 36.846132687
5 2.2 77.468774551 44.454747004
1 2.4 77.530132004 44.387492433
2 2.4 65.668546173 58.062050859
3 2.4 112.396304361 35.761300028
4 2.4 112.316659599 36.846134141
5 2.4 77.44366509 44.482936784
1 2.6 77.459741162 44.41968147
2 2.6 67.018582771 57.639329648
3 2.6 112.479565714 35.533748327
4 2.6 112.316605315 36.846134868
5 2.6 77.740545777 44.492371981
1 2.8 77.456549107 44.429527392
2 2.8 68.301973155 57.178832047
3 2.8 112.658746937 35.154104265
4 2.8 112.316605315 36.846134868
5 2.8 77.819906744 44.490156618
1 3 77.456593667 44.429101442
2 3 69.594829146 56.404489242
3 3 112.96259123 34.754552322
4 3 112.316496746 36.846136322
5 3 77.830875532 44.382824535
1 3.2 77.45652987 44.428677946
2 3.2 70.421415017 55.237052152
3 3.2 113.151151797 34.515430913
4 3.2 112.316388178 36.846137776
5 3.2 78.057906954 44.356890652
1 3.4 77.456466073 44.42825445
2 3.4 70.788532853 54.189408588
3 3.4 113.814210064 33.862709984
4 3.4 112.206824092 36.801723837
5 3.4 78.117697076 44.566741135
1 3.6 77.456574431 44.428251996
2 3.6 70.811418395 53.779176179
3 3.6 114.699570451 32.717010721
4 3.6 112.116258344 36.635977748
5 3.6 78.133636087 44.844292861
1 3.8 77.551193505 44.489426607
2 3.8 70.877659266 53.020682928
3 3.8 115.431477738 31.48296208
4 3.8 112.163496232 36.405503884
5 3.8 78.294862559 45.26391213
1 4 77.506847114 44.383769938
2 4 71.490552364 51.671769278
3 4 115.97117682 30.178797172
4 4 112.174288036 36.319541063
5 4 78.379388337 45.838658479
1 4.2 77.48414458 44.448874789
2 4.2 72.483050002 50.601963042
3 4.2 116.202749577 29.11088634
4 4.2 112.22834519 35.989563959
5 4.2 78.720283389 46.086845787
1 4.4 77.505035636 44.452226372
2 4.4 72.974797578 50.137178685
3 4.4 116.306194554 27.618040348
4 4.4 112.231392936 35.957660032
5 4.4 79.201224486 46.295406529
1 4.6 77.505080201 44.451800422
2 4.6 73.015296625 50.114963811
3 4.6 116.508199236 26.12271958
4 4.6 112.398493382 35.76254529
5 4.6 79.494648929 46.446980041
1 4.8 77.504149555 44.451396545
2 4.8 72.817308009 49.710457409
3 4.8 116.436741618 24.609939713
4 4.8 112.475308878 35.544426127
5 4.8 79.884063485 46.387818085
1 5 77.503110551 44.450995121
2 5 73.10677688 48.438866773
3 5 116.423703233 23.123211467
4 5 112.664297687 35.154880155
5 5 79.869913657 46.483314885
1 5.2 77.502406231 44.451011062
2 5.2 73.184998093 47.188476904
3 5.2 116.110010691 21.64655242
4 5.2 112.966363153 34.760450227
5 5.2 80.29670612 46.797313213
1 5.4 77.501864447 44.451023324
2 5.4 73.433306641 45.836314311
3 5.4 116.051843612 20.214338318
4 5.4 113.156300781 34.514513473
5 5.4 81.115608897 46.742913204
1 5.6 77.473199584 44.441898591
2 5.6 73.85696635 44.548452134
3 5.6 116.1546445 19.546099317
4 5.6 113.81128662 33.859349252
5 5.6 81.474054902 47.327079503
1 5.8 77.521867528 44.491789867
2 5.8 75.097242851 44.621375075
3 5.8 116.210720702 19.582369342
4 5.8 114.699548591 32.719560002
5 5.8 82.165130477 47.414193997
1 6 77.772076905 44.484436448
2 6 75.973207925 44.751098025
3 6 116.054861669 19.388869354
4 6 115.436429897 31.48332478
5 6 82.537570497 47.253260087
1 6.2 77.835190439 44.466015389
2 6.2 76.041849841 44.848529505
3 6.2 115.933457284 18.025412234
4 6.2 115.97976532 30.187187287
5 6.2 82.563149474 46.717733536
1 6.4 77.945617862 44.358142437
2 6.4 76.513144686 45.007685987
3 6.4 116.050181246 16.520952332
4 6.4 116.201322834 29.114302568
5 6.4 83.060185077 46.734368085
1 6.6 78.117234168 44.505135443
2 6.6 76.992483132 45.086402592
3 6.6 115.976122322 15.012476321
4 6.6 116.308337675 27.619713299
5 6.6 83.810099071 46.948440698
1 6.8 78.120743094 44.666108326
2 6.8 77.232653818 44.951333382
3 6.8 115.746633052 13.624875471
4 6.8 116.510794185 26.125661602
5 6.8 84.335528857 46.736464224
1 7 78.136676221 44.924113036
2 7 77.237470178 44.798244957
3 7 115.47994555 12.908966819
4 7 116.439029265 24.618833021
5 7 85.13694658 47.001564576
1 7.2 78.263314546 45.5195831
2 7.2 77.240334473 44.599732152
3 7.2 115.395712733 12.879429528
4 7.2 116.421731537 23.12238597
5 7.2 86.184650342 47.326821597
1 7.4 78.528968178 46.031205398
2 7.4 77.379773347 44.505206547
3 7.4 115.326120412 12.491162817
4 7.4 116.109273848 21.648685624
5 7.4 86.813497102 47.582190977
1 7.6 78.78710234 46.094703288
2 7.6 77.522317538 44.497303912
3 7.6 114.960837431 11.12229811
4 7.6 116.051560525 20.213492162
5 7.6 87.306971815 47.739672723
1 7.8 79.252645478 46.317636854
2 7.8 77.545356181 44.49975723
3 7.8 114.651541328 9.655898748
4 7.8 116.153523206 19.552485459
5 7.8 87.676452776 47.962153528
1 8 79.866102273 46.386513883
2 8 77.79621186 44.489841132
3 8 114.244603244 8.198414196
4 8 116.210551889 19.581946594
5 8 87.92435045 48.082134833
1 8.2 79.877709154 46.480593604
2 8.2 77.84191484 44.463739091
3 8.2 113.684942975 6.785843367
4 8.2 116.05117433 19.390614112
5 8.2 88.298262271 48.512791685
1 8.4 80.106591155 46.719471888
2 8.4 77.843008221 44.372777401
3 8.4 113.141225475 5.392259092
4 8.4 115.933237 18.02966318
5 8.4 88.858007643 48.702301832
1 8.6 81.306776326 46.735371015
2 8.6 77.759192487 44.374667785
3 8.6 112.740575336 3.946313545
4 8.6 116.051218164 16.520939559
5 8.6 89.852306794 48.594503613
1 8.8 82.602202373 46.475968869
2 8.8 77.758921589 44.374673898
3 8.8 111.931350037 2.67873416
4 8.8 115.977982406 15.026047642
5 8.8 90.974167451 48.878838067
1 9 83.907667558 46.77345162
2 9 77.43885803 44.383184569
3 9 111.376072181 1.324199296
4 9 115.746442901 13.622753726
5 9 92.025252392 49.174180921
1 9.2 84.612696024 46.808882167
2 9.2 77.253580216 44.505094419
3 9.2 110.905455478 0.257042742
4 9.2 115.480225708 12.905139949
5 9.2 93.023866112 48.926494868
1 9.4 85.588981138 47.114215245
2 9.4 77.23707265 44.866669611
3 9.4 111.16098216 0.100644038
4 9.4 115.400181529 12.878524148
5 9.4 94.253127232 48.76621554
1 9.6 86.611357064 47.513618355
2 9.6 76.973932008 45.076201542
3 9.6 111.317555601 0.068793031
4 9.6 115.329074276 12.495798946
5 9.6 95.549539609 48.587291626
1 9.8 87.110584996 47.64121461
2 9.8 76.474321747 45.122885311
3 9.8 111.221020877 0
4 9.8 114.961028103 11.124419811
5 9.8 96.788506184 48.334194367
1 10 87.560017192 47.86930045
2 10 76.416628651 45.592071964
3 10 111.210711378 0.02817738
4 10 114.648397181 9.658062633
5 10 97.384265698 47.312134878
1 10.2 87.935797886 48.088705552
2 10.2 76.366042308 45.690119785
3 10.2 111.213189321 0.028993554
4 10.2 114.24733898 8.189882915
5 10.2 97.941911532 46.297208514
1 10.4 88.353908835 48.553330877
2 10.4 76.366131139 45.689267856
3 10.4 111.216919617 0.025119792
4 10.4 113.683378179 6.787562821
5 10.4 97.999210391 45.343640592
1 10.6 88.778563982 48.692817035
2 10.6 76.359219162 45.685601944
3 10.6 111.216925353 0.025544535
4 10.6 113.142725422 5.39393883
5 10.6 97.890478335 44.734537696
1 10.8 88.739228663 48.682968758
2 10.8 76.363543414 45.680403378
3 10.8 111.217600287 0.026809882
4 10.8 112.742135339 3.944168969
5 10.8 97.842652211 44.421801759
1 11 88.739057949 48.682547213
2 11 76.358215989 45.700922997
3 11 111.208870771 0.029901522
4 11 111.928632205 2.676221468
5 11 97.946218191 44.377953054
1 11.2 88.738654039 48.681280444
2 11.2 76.353736811 45.71589887
3 11.2 111.208443761 0.03075693
4 11.2 111.375663335 1.318257309
5 11.2 97.945600286 44.376689063
1 11.4 88.738545806 48.681282576
2 11.4 76.352235493 45.714233541
3 11.4 111.208657266 0.030329226
4 11.4 110.90584777 0.253638842
5 11.4 97.945206408 44.375846091
1 11.6 88.738429208 48.680859964
2 11.6 76.350506787 45.695575613
3 11.6 111.223672777 0.025878241
4 11.6 111.162588859 0.101896779
5 11.6 97.945144913 44.375422271
1 11.8 88.738096144 48.680441616
2 11.8 76.350506787 45.695575613
3 11.8 111.165075663 0.054708068
4 11.8 111.318640349 0.06792877
5 11.8 97.945199091 44.375421338
1 12 88.738042027 48.680442682
2 12 76.350452626 45.695576855
3 12 111.305077766 0.082555485
4 12 111.222748689 0.002100772
5 12 97.945253268 44.375420404
1 12.2 88.737708963 48.680024333
2 12.2 76.350452626 45.695576855
3 12.2 111.311663154 0.058676769
4 12.2 111.208749676 0.029053516
5 12.2 97.945354305 44.374993785
1 12.4 88.737492496 48.680028596
2 12.4 76.350334558 45.695154619
3 12.4 111.312387135 0.05951665
4 12.4 111.211842006 0.030711033
5 12.4 97.945827267 44.374135878
1 12.6 88.737330146 48.680031793
2 12.6 76.338477678 45.697976407
3 12.6 111.31277653 0.059936222
4 12.6 111.211957363 0.031134295
5 12.6 97.83609588 44.446982779
1 12.8 88.737213549 48.679609182
2 12.8 76.379780245 45.646460183
3 12.8 111.312311868 0.062066587
4 12.8 111.211942708 0.034108237
5 12.8 97.881400705 44.726621541
1 13 88.737105315 48.679611313
2 13 76.404212851 45.681595171
3 13 111.312366678 0.062065848
4 13 111.209542526 0.034990295
5 13 97.971176178 45.235354288
1 13.2 88.367636517 48.565806436
2 13.2 76.404212851 45.681595171
3 13.2 111.312750347 0.062060676
4 13.2 111.208469267 0.036704073
5 13.2 98.052839394 46.073510345
1 13.4 88.18163714 48.326868941
2 13.4 76.404212851 45.681595171
3 13.4 111.313381883 0.064176265
4 13.4 111.203397421 0.042720068
5 13.4 97.509389138 47.098794127
1 13.6 87.773424792 48.013332097
2 13.6 76.404212851 45.681595171
3 13.6 111.314281743 0.065863417
4 13.6 111.203172442 0.042298287
5 13.6 96.958384796 47.993857409
1 13.8 87.31121402 47.737887961
2 13.8 76.404212851 45.681595171
3 13.8 111.314720222 0.065857507
4 13.8 111.223225365 0.029282847
5 13.8 96.499693862 48.503707288
1 14 86.728855789 47.606421593
2 14 76.404212851 45.681595171
3 14 111.314665412 0.065858245
4 14 111.162182214 0.055596825
5 14 95.290148705 48.618708661
1 14.2 86.232215608 47.348798877
2 14.2 76.404212851 45.681595171
3 14.2 111.314829842 0.065856029
4 14.2 111.305478612 0.083824542
5 14.2 94.142671151 48.770780455
1 14.4 85.257687819 47.030943909
2 14.4 76.404212851 45.681595171
3 14.4 111.315158702 0.065851596
4 14.4 111.318585539 0.067929509
5 14.4 93.084447718 48.921122034
1 14.6 84.429555685 46.767224286
2 14.6 76.404212851 45.681595171
3 14.6 111.315328856 0.066274123
4 14.6 111.318585539 0.067929509
5 14.6 92.091787198 49.166130575
1 14.8 83.997880504 46.803006191
2 14.8 76.404212851 45.681595171
3 14.8 111.315432751 0.065847902
4 14.8 111.318277141 0.065384744
5 14.8 91.06747729 48.906374963
1 15 82.755931491 46.505841569
2 15 76.404212851 45.681595171
3 15 111.315487561 0.065847164
4 15 111.317887747 0.064965172
5 15 90.061141428 48.693710146
1 15.2 81.517983336 46.637320933
2 15.2 76.404212851 45.681595171
3 15.2 111.315767335 0.066268213
4 15.2 111.320284645 0.067906608
5 15.2 89.198474912 48.682876008
1 15.4 80.338642616 46.812541923
2 15.4 76.404212851 45.681595171
3 15.4 111.315986575 0.066265258
4 15.4 111.319866628 0.06536332
5 15.4 88.615891007 48.671377645
1 15.6 79.755621254 46.729746128
2 15.6 76.404212851 45.681595171
3 15.6 111.346345222 0.093894317
4 15.6 111.319604028 0.0662165
5 15.6 88.240934292 48.422997193
1 15.8 79.892391779 46.396983257
2 15.8 76.404212851 45.681595171
3 15.8 111.007022164 0.118871762
4 15.8 111.318628899 0.067079284
5 15.8 87.92805809 48.075262486
1 16 79.328346679 46.352502599
2 16 76.404212851 45.681595171
3 16 111.029496649 0.325030097
4 16 111.318732794 0.066653063
5 16 87.679660473 47.943818339
1 16.2 78.87553025 46.09485644
2 16.2 76.404212851 45.681595171
3 16.2 111.375443283 1.326331872
4 16.2 111.319269444 0.06579619
5 16.2 87.566017957 47.860682237
1 16.4 78.541977903 46.033888896
2 16.4 76.404212851 45.681595171
3 16.4 111.930530192 2.695313098
4 16.4 111.31572726 0.063295011
5 16.4 87.31565319 47.729725586
1 16.6 78.272089619 45.558055612
2 16.6 76.404212851 45.681595171
3 16.6 112.745196401 3.968768346
4 16.6 111.315831155 0.06286879
5 16.6 86.707870269 47.642538601
1 16.8 78.202634881 45.039914589
2 16.8 76.404212851 45.681595171
3 16.8 113.150937264 5.406576455
4 16.8 111.315831155 0.06286879
5 16.8 86.040957178 47.251990396
1 17 78.145122535 44.725901833
2 17 76.404212851 45.681595171
3 17 113.680949025 6.798639457
4 17 111.315995585 0.062866574
5 17 85.067928793 46.982593275
1 17.2 78.132724381 44.613146716
2 17.2 76.404212851 45.681595171
3 17.2 114.232213035 8.170534138
4 17.2 111.317048423 0.063702023
5 17.2 84.376142222 46.746240884
1 17.4 78.128034003 44.370612209
2 17.4 76.405350231 45.681569086
3 17.4 114.612684663 9.476267054
4 17.4 111.317377283 0.063697591
5 17.4 83.996580656 46.717624328
1 17.6 77.663338764 44.369183031
2 17.6 76.405458553 45.681566602
3 17.6 114.879957178 10.963159199
4 17.6 111.317931107 0.064114947
5 17.6 83.541451996 46.926042855
1 17.8 77.442224676 44.414553935
2 17.8 76.405793259 45.681983871
3 17.8 115.306084389 12.112048754
4 17.8 111.351168458 0.093829345
5 17.8 82.846149933 46.685367264
1 18 77.44420044 44.413234364
2 18 76.392643052 45.678036023
3 18 115.443279723 12.842726774
4 18 111.007071214 0.118446276
5 18 82.509243457 46.996784147
1 18.2 77.443821187 44.413242953
2 18.2 76.316254772 45.773276944
3 18.2 115.446088584 12.840142852
4 18.2 111.029692845 0.323328154
5 18.2 82.463175272 47.335583149
1 18.4 77.443550292 44.413249089
2 18.4 76.421172808 45.594092495
3 18.4 115.775916978 13.717973316
4 18.4 111.375120252 1.326761044
5 18.4 81.948442686 47.374225023
1 18.6 77.443279397 44.413255224
2 18.6 76.46205011 45.230677492
3 18.6 115.94924256 15.197180035
4 18.6 111.932360329 2.696987983
5 18.6 81.326483221 47.162848494
1 18.8 77.443333576 44.413253997
2 18.8 76.498106431 45.037351557
3 18.8 116.044178023 16.583050205
4 18.8 112.744785248 3.966649643
5 18.8 80.497177606 46.868563476
1 19 77.443171039 44.413257679
2 19 76.75762285 45.040340333
3 19 115.935424769 18.09633328
4 19 113.144211171 5.411337094
5 19 79.735277117 46.725945544
1 19.2 77.443225218 44.413256451
2 19.2 77.070677051 45.157287819
3 19.2 116.0374055 19.216181639
4 19.2 113.685802161 6.801550622
5 19.2 79.863090538 46.517884817
1 19.4 77.443180659 44.413682402
2 19.4 77.234874148 44.819975935
3 19.4 116.225664512 19.577937486
4 19.4 114.232251985 8.165010986
5 19.4 79.503070819 46.438295032
1 19.6 77.443018122 44.413686083
2 19.6 77.239117346 44.601034611
3 19.6 116.064839573 19.55230324
4 19.6 114.613526308 9.477955675
5 19.6 78.917311256 46.112197924
1 19.8 77.442855585 44.413689764
2 19.8 77.501580559 44.500747805
3 19.8 116.039334028 20.482131565
4 19.8 114.879814623 10.964860276
5 19.8 78.457588482 45.967362668
1 20 77.442638869 44.413694673
2 20 77.529732702 44.379427599
3 20 116.184857062 21.979117755
4 20 115.302025279 12.110825009
5 20 78.287572143 45.443824673
1 20.2 77.442259616 44.413703262
2 20.2 77.462373168 44.416222344
3 20.2 116.440353764 23.46839008
4 20.2 115.44833189 12.844787923
5 20.2 78.153220416 44.934364797
1 20.4 77.441934542 44.413710625
2 20.4 77.459068252 44.416297182
3 20.4 116.461485348 24.993679012
4 20.4 115.448770613 12.840534254
5 20.4 78.131273364 44.637825757
1 20.6 77.441988721 44.413709398
2 20.6 77.459014073 44.416298409
3 20.6 116.463472884 26.511558798
4 20.6 115.770843068 13.718460944
5 20.6 78.128447686 44.458990115
1 20.8 77.441826184 44.413713079
2 20.8 77.459014073 44.416298409
3 20.8 116.248232543 28.011294692
4 20.8 115.948925481 15.198033589
5 20.8 77.996314151 44.35870107
1 21 77.441717826 44.413715533
2 21 77.458959894 44.416299636
3 21 116.167620421 29.526377675
4 21 116.044989153 16.586863604
5 21 77.76631506 44.366008277
1 21.2 77.441564909 44.414143938
2 21.2 77.458969511 44.416724359
3 21.2 115.733191338 30.921810259
4 21.2 115.934273925 18.095922677
5 21.2 77.468503114 44.4020605
1 21.4 77.441294014 44.414150073
2 21.4 77.552308559 44.48600186
3 21.4 115.087083039 32.057848891
4 21.4 116.031526076 19.217103804
5 21.4 77.465971737 44.419540386
1 21.6 77.441023119 44.414156209
2 21.6 77.50661729 44.380800556
3 21.6 114.417194614 33.181990471
4 21.6 116.225565888 19.578788344
5 21.6 77.465006133 44.419987191
1 21.8 77.44095932 44.413732713
2 21.8 77.480830077 44.448524885
3 21.8 113.544099623 34.120279077
4 21.8 116.06687728 19.545056126
5 21.8 112.22958777 36.924197514
1 22 77.440905141 44.41373394
2 22 77.480938434 44.448522432
3 22 113.01498163 34.698631502
4 22 116.039510173 20.478730801
5 22 112.228904884 36.925906041
1 22.2 77.440752224 44.414162345
2 22.2 77.480938434 44.448522432
3 22.2 112.601399987 35.232612705
4 22.2 116.185752923 21.985479096
5 22.2 112.230070619 36.923766195
1 22.4 77.440589687 44.414166026
2 22.4 77.480820461 44.448100162
3 22.4 112.427326335 35.648302868
4 22.4 116.439767395 23.464998662
5 22.4 112.230847678 36.925030295
1 22.6 77.44042715 44.414169708
2 22.6 77.480594132 44.447680346
3 22.6 112.283101478 35.800200778
4 22.6 116.463624641 24.994927289
5 22.6 112.232756283 36.92160596
1 22.8 77.440372971 44.414170935
2 22.8 77.480485775 44.447682799
3 22.8 112.188316032 36.114579394
4 22.8 116.4633432 26.509861081
5 22.8 112.232016413 36.919066838
1 23 77.438081755 44.415922594
2 23 77.480594132 44.447680346
3 23 112.120896889 36.516534983
4 23 116.249600128 28.007454395
5 23 112.232016413 36.919066838
1 23.2 77.46984566 44.432625833
2 23.2 77.473571797 44.436790875
3 23.2 112.21920002 36.748877446
4 23.2 116.162225451 29.52559462
5 23.2 112.232016413 36.919066838
1 23.4 77.473898748 44.451231457
2 23.4 77.521966273 44.491362692
3 23.4 112.369931254 36.822479666
4 23.4 115.731783045 30.922252644
5 23.4 112.232016413 36.919066838
1 23.6 77.47276452 44.453806781
2 23.6 77.772207746 44.487833014
3 23.6 112.30585089 36.853926051
4 23.6 115.089909372 32.057813166
5 23.6 112.232016413 36.919066838
1 23.8 77.450659149 44.473429681
2 23.8 77.834610354 44.464328709
3 23.8 112.30585089 36.853926051
4 23.8 114.423340205 33.18658486
5 23.8 112.232016413 36.919066838
1 24 77.443650929 44.472738524
2 24 77.946344522 44.361525588
3 24 112.305688038 36.853928232
4 24 113.54311185 34.123690669
5 24 112.232016413 36.919066838
1 24.2 77.443749666 44.472311347
2 24.2 78.112810693 44.506084725
3 24.2 112.305519496 36.853505649
4 24.2 113.011147699 34.700381458
5 24.2 112.232016413 36.919066838
1 24.4 77.444010937 44.471880489
2 24.4 78.116934827 44.667893661
3 24.4 112.305519496 36.853505649
4 24.4 112.605666443 35.238928515
5 24.4 112.232016413 36.919066838
1 24.6 77.459013789 44.461767077
2 24.6 78.142682812 44.926102768
3 24.6 112.305465212 36.853506376
4 24.6 112.419429941 35.646708992
5 24.6 112.232016413 36.919066838
1 24.8 77.440310117 44.46644008
2 24.8 78.264273443 45.521261336
3 24.8 112.30557378 36.853504922
4 24.8 112.281349438 35.803198133
5 24.8 112.232016413 36.919066838
1 25 77.319223412 44.552898089
2 25 78.525457561 46.031708887
3 25 112.305459522 36.853081611
4 25 112.189730413 36.118808818
5 25 112.232016413 36.919066838
1 25.2 77.251371294 44.570160618
2 25.2 78.788296436 46.097226275
3 25.2 112.213285874 36.745133234
4 25.2 112.124948527 36.519029569
5 25.2 112.232016413 36.919066838
1 25.4 77.234088026 44.856963723
2 25.4 79.247272665 46.314781506
3 25.4 112.142976058 36.47460381
4 25.4 112.221591581 36.745021787
5 25.4 112.232016413 36.919066838
1 25.6 77.063623017 45.185494542
2 25.6 79.862429397 46.38701971
3 25.6 112.194927216 36.154000861
4 25.6 112.370877423 36.816094394
5 25.6 112.232016413 36.919066838
1 25.8 76.554780969 45.027130081
2 25.8 79.87468813 46.48363467
3 25.8 112.225555381 35.939470172
4 25.8 112.305713873 36.851803681
5 25.8 112.232016413 36.919066838
1 26 76.134464236 44.854897287
2 26 80.10692171 46.714790362
3 26 112.320799046 35.804794043
4 26 112.305659589 36.851804408
5 26 112.232016413 36.919066838
1 26.2 75.902172788 44.810953022
2 26.2 81.305352194 46.739651136
3 26.2 112.508557704 35.463687854
4 26.2 112.305605305 36.851805135
5 26.2 112.232016413 36.919066838
1 26.4 74.860756204 44.575466799
2 26.4 82.601751356 46.480227726
3 26.4 112.869303274 34.880688593
4 26.4 112.300905347 36.85356746
5 26.4 112.232016413 36.919066838
1 26.6 73.75604648 44.739514521
2 26.6 83.9056175 46.779018558
3 26.6 113.177388345 34.473876417
4 26.6 112.303299538 36.853960228
5 26.6 112.232016413 36.919066838
1 26.8 73.405995062 46.016718645
2 26.8 84.615610973 46.808396702
3 26.8 114.003703336 33.679699162
4 26.8 112.30345101 36.853108516
5 26.8 112.232016413 36.919066838
1 27 73.178234826 47.384543364
2 27 85.592816324 47.113711652
3 27 114.843138451 32.479401036
4 27 112.303608172 36.85268157
5 27 112.232016413 36.919066838
1 27.2 73.039165984 48.653383008
2 27.2 86.611804798 47.517008595
3 27.2 115.616218577 31.169247327
4 27.2 112.309044884 36.857281996
5 27.2 112.232016413 36.919066838
1 27.4 72.871415716 49.919944108
2 27.4 87.110750257 47.638661815
3 27.4 116.037540546 29.986376706
4 27.4 112.213291574 36.745557998
5 27.4 112.232016413 36.919066838
1 27.6 73.099751001 50.088301311
2 27.6 87.560918218 47.862908773
3 27.6 116.288249558 29.657012251
4 27.6 112.142241757 36.472489471
5 27.6 112.232016413 36.919066838
1 27.8 72.988656633 50.144072094
2 27.8 87.935290445 48.090415288
3 27.8 117.502056375 29.642259789
4 27.8 112.201076845 36.150944444
5 27.8 112.232016413 36.919066838
1 28 72.52150444 50.567042834
2 28 88.350041197 48.552132708
3 28 118.42579288 28.740010127
4 28 112.233774009 35.944882881
5 28 112.232016413 36.919066838
1 28.2 71.587890186 51.524493085
2 28.2 88.782884941 48.692307084
3 28.2 119.134715323 28.452639332
4 28.2 112.321999312 35.805202817
5 28.2 112.232016413 36.919066838
1 28.4 70.929393992 52.802683305
2 28.4 88.736876554 48.681740356
3 28.4 119.783631972 28.439245782
4 28.4 112.502881765 35.46163935
5 28.4 112.232016413 36.919066838
1 28.6 70.823434738 53.726610596
2 28.6 88.736905578 48.680465062
3 28.6 120.1539589 28.425275183
4 28.6 112.867542789 34.879012543
5 28.6 112.232016413 36.919066838
1 28.8 70.547441901 54.989169724
2 28.8 88.736680746 48.680044582
3 28.8 120.390169969 28.368238193
4 28.8 113.181228169 34.472551395
5 28.8 112.232016413 36.919066838
1 29 69.79503149 56.194259999
2 29 88.736763886 48.678768222
3 29 120.496431012 28.528053487
4 29 113.996499501 33.681491678
5 29 112.232016413 36.919066838
1 29.2 68.782376159 56.991674005
2 29.2 88.737729622 48.678324296
3 29.2 120.448356054 28.534964648
4 29.2 114.846622404 32.475533269
5 29.2 112.232016413 36.919066838
1 29.4 67.494385778 57.4648701
2 29.4 88.737783739 48.678323231
3 29.4 120.345311852 28.550140765
4 29.4 115.626020241 31.170399341
5 29.4 112.232016413 36.919066838
1 29.6 66.148535605 57.920033214
2 29.6 88.737729622 48.678324296
3 29.6 120.018294763 28.394947881
4 29.6 116.045371574 29.986279758
5 29.6 112.232016413 36.919066838
1 29.8 64.867494182 58.375696337
2 29.8 88.737667141 48.677900619
3 29.8 119.500851091 28.462443608
4 29.8 116.288524639 29.661681982
5 29.8 112.232016413 36.919066838
1 30 63.797210006 59.260589409
2 30 88.737642048 48.676626391
3 30 118.771331598 28.413100527
4 30 117.506461866 29.628612497
5 30 112.232016413 36.919066838
1 30.2 62.463660691 59.378478123
2 30.2 88.737733552 48.675774774
3 30.2 117.982388059 29.355719103
4 30.2 118.42583231 28.738735191
5 30.2 112.232016413 36.919066838
1 30.4 62.094300703 59.798085655
2 30.4 88.73760859 48.67492742
3 30.4 116.752617452 29.665766758
4 30.4 119.141881908 28.451282024
5 30.4 112.232016413 36.919066838
1 30.6 62.31376281 60.332383842
2 30.6 88.737554473 48.674928486
3 30.6 116.124909282 29.684091984
4 30.6 119.779840572 28.431217348
5 30.6 112.232016413 36.919066838
1 30.8 62.4201085 60.499113327
2 30.8 88.36897635 48.562380653
3 30.8 115.773376288 30.808304606
4 30.8 120.156338298 28.423973853
5 30.8 112.232016413 36.919066838
1 31 62.424452825 60.496021959
2 31 88.183942668 48.322999025
3 31 115.052391417 32.121587644
4 31 120.392225882 28.372038494
5 31 112.232016413 36.919066838
1 31.2 62.50739125 60.46617687
2 31.2 87.776188538 48.01072752
3 31.2 114.329589801 33.3216109
4 31.2 120.496965523 28.527197857
5 31.2 112.232016413 36.919066838
1 31.4 62.160572963 60.293566694
2 31.4 87.313177233 47.73317455
3 31.4 113.515978331 34.146986229
4 31.4 120.450451935 28.537490069
5 31.4 112.232016413 36.919066838
1 31.6 62.104284355 60.752812907
2 31.6 86.728866986 47.604296803
3 31.6 113.054740436 34.644577347
4 31.6 120.342953445 28.548467995
5 31.6 112.232016413 36.919066838
1 31.8 61.857319353 62.036187226
2 31.8 86.234075801 47.347061372
3 31.8 112.578305703 35.288998976
4 31.8 120.020994269 28.397891055
5 31.8 112.232016413 36.919066838
1 32 61.647932346 62.456220656
2 32 85.260452271 47.025787952
3 32 112.39108238 35.736304255
4 32 119.504316633 28.470475508
5 32 112.232016413 36.919066838
1 32.2 61.249453498 63.38078106
2 32.2 84.429124704 46.762134226
3 32.2 112.295499779 35.785165291
4 32.2 118.771218055 28.43136927
5 32.2 112.232016413 36.919066838
1 32.4 60.712624124 64.70697843
2 32.4 83.998576282 46.800017181
3 32.4 112.191200154 36.090749593
4 32.4 117.983407421 29.359105612
5 32.4 112.232016413 36.919066838
1 32.6 60.356641952 66.009612902
2 32.6 82.755751049 46.510094651
3 32.6 112.137236347 36.431347134
4 32.6 116.755730391 29.680172963
5 32.6 112.232016413 36.919066838
1 32.8 59.897184747 67.161280016
2 32.8 81.517367643 46.631385224
3 32.8 112.1842234 36.73192842
4 32.8 116.127484536 29.690007773
5 32.8 112.232016413 36.919066838
1 33 59.584203528 68.305144302
2 33 80.339176428 46.814654894
3 33 112.231313434 36.846428411
4 33 115.771560905 30.806627893
5 33 112.232016413 36.919066838
1 33.2 59.384836483 69.473100202
2 33.2 79.752473507 46.731940228
3 33.2 112.320301346 36.862654172
4 33.2 115.045869832 32.117421818
5 33.2 112.232016413 36.919066838
1 33.4 58.961682237 70.674488831
2 33.4 79.89600659 46.391379531
3 33.4 112.30310209 36.859485807
4 33.4 114.330296377 33.325850173
5 33.4 112.232016413 36.919066838
1 33.6 59.20364367 71.88292858
2 33.6 79.325008146 46.353426474
3 33.6 112.303204967 36.859059588
4 33.6 113.517457309 34.152064953
5 33.6 112.232016413 36.919066838
1 33.8 59.323452226 73.109640984
2 33.8 78.875935095 46.093572607
3 33.8 112.300419411 36.857822381
4 33.8 113.053335531 34.649269095
5 33.8 112.232016413 36.919066838
1 34 59.107391074 74.325274916
2 34 78.541882885 46.029641641
3 34 112.300570882 36.856970669
4 34 112.584776077 35.293586057
5 34 112.232016413 36.919066838
1 34.2 59.016581156 75.546791995
2 34.2 78.273905572 45.559289681
3 34.2 112.3002767 36.855275246
4 34.2 112.39566062 35.737517579
5 34.2 112.232016413 36.919066838
1 34.4 59.089555412 76.68342438
2 34.4 78.208692378 45.039353645
3 34.4 112.300433862 36.8548483
4 34.4 112.298291802 35.786827261
5 34.4 112.232016413 36.919066838
1 34.6 58.673155581 77.736793397
2 34.6 78.149551904 44.730051712
3 34.6 112.300428171 36.854423535
4 34.6 112.194166566 36.085186848
5 34.6 112.232016413 36.919066838
1 34.8 58.356927603 78.894943941
2 34.8 78.136137473 44.613070031
3 34.8 112.300193963 36.853152149
4 34.8 112.134004687 36.429266356
5 34.8 112.232016413 36.919066838
1 35 58.627499896 80.116149132
2 35 78.129343854 44.371007718
3 35 112.303837603 36.837384217
4 35 112.18787766 36.73315388
5 35 112.232016413 36.919066838
1 35.2 58.962724051 81.312188307
2 35.2 77.668915879 44.366507406
3 35.2 112.311519193 36.85554949
4 35.2 112.234890495 36.845955586
5 35.2 112.232016413 36.919066838
1 35.4 58.523197952 82.381549677
2 35.4 77.442741146 44.41581706
3 35.4 112.310247902 36.853867154
4 35.4 112.317472891 36.86226721
5 35.4 112.232016413 36.919066838
1 35.6 58.54544883 82.939853095
2 35.6 77.443012041 44.415810925
3 35.6 112.30888511 36.853460566
4 35.6 112.305941928 36.860722289
5 35.6 112.220942646 36.919215409
1 35.8 58.705579971 83.596729357
2 35.8 77.442243916 44.415403381
3 35.8 112.30417639 36.858621734
4 35.8 112.305936238 36.860297524
5 35.8 112.218542787 36.918397929
1 36 58.530443986 83.976096657
2 36 77.440771463 44.415011791
3 36 112.303870829 36.85607678
4 36 112.305713412 36.859875668
5 36 112.216751442 36.918421967
1 36.2 58.203526463 84.414996553
2 36.2 77.439289391 44.414195478
3 36.2 112.303816545 36.856077507
4 36.2 112.305647749 36.859026865
5 36.2 112.213488751 36.918040909
1 36.4 58.057469031 84.777845169
2 36.4 77.441313253 44.414999519
3 36.4 112.303685217 36.854379902
4 36.4 112.305804911 36.858599919
5 36.4 112.212994502 36.917622701
1 36.6 57.669440092 86.004003889
2 36.6 77.442307714 44.415826877
3 36.6 112.303505294 36.853107789
4 36.6 112.305907789 36.858173699
5 36.6 112.211626021 36.916791384
1 36.8 57.182440539 87.355867436
2 36.8 77.443671808 44.416220922
3 36.8 112.303499604 36.852683024
4 36.8 112.305907789 36.858173699
5 36.8 112.21310281 36.925693233
1 37 56.413812488 88.495694424
2 37 77.443509271 44.416224604
3 37 112.30343963 36.852258987
4 37 112.305853505 36.858174427
5 37 112.290256912 36.857108857
1 37.2 56.317127531 89.784254122
2 37.2 77.442632788 44.415819514
3 37.2 112.169246388 36.724482399
4 37.2 112.305739247 36.857751116
5 37.2 112.31351372 36.850424684
1 37.4 56.376845062 90.987995151
2 37.4 77.441431231 44.415421788
3 37.4 112.152511935 36.428592848
4 37.4 112.305679273 36.857327078
5 37.4 112.118593008 36.603658419
1 37.6 57.192849854 91.759517132
2 37.6 77.441160336 44.415427924
3 37.6 112.203047871 36.091440274
4 37.6 112.306662076 36.857738755
5 37.6 112.208495388 36.068425775
1 37.8 57.573947892 91.837517732
2 37.8 77.44094362 44.415432832
3 37.8 112.228592997 35.943252999
4 37.8 112.306819238 36.857311808
5 37.8 112.387258312 35.771192276
1 38 57.769531323 92.158410165
2 38 77.440347651 44.415446331
3 38 112.35097799 35.803540496
4 38 112.307296415 36.856455734
5 38 112.673844464 35.12119096
1 38.2 57.918036441 92.682116872
2 38.2 77.440293472 44.415447558
3 38.2 112.436041307 35.637990306
4 38.2 112.307296415 36.856455734
5 38.2 113.150427309 34.509917555
1 38.4 58.244198244 93.880889389
2 38.4 77.439860041 44.415457375
3 38.4 112.599940221 35.265769617
4 38.4 112.307127873 36.856033151
5 38.4 113.829580523 33.841268638
1 38.6 58.432685911 94.747348886
2 38.6 77.439633705 44.415037561
3 38.6 112.963284089 34.761765422
4 38.6 112.307176468 36.855607659
5 38.6 114.640876808 32.811222716
1 38.8 58.654660364 94.836736239
2 38.8 77.43882102 44.415055968
3 38.8 113.27888708 34.392248309
4 38.8 112.307230752 36.855606932
5 38.8 115.384308713 31.575742705
1 39 58.74717414 95.273209903
2 39 77.438161252 44.414645971
3 39 114.126539623 33.555759891
4 39 112.307225062 36.855182167
5 39 115.964812881 30.19629411
1 39.2 58.861856389 95.667408321
2 39.2 77.434689746 44.431297296
3 39.2 114.906533863 32.373662223
4 39.2 112.307387914 36.855179985
5 39.2 116.219951802 28.741073305
1 39.4 58.941994321 95.992020757
2 39.4 77.434689746 44.431297296
3 39.4 115.648678505 31.103842661
4 39.4 112.169937753 36.727447003
5 39.4 116.358495677 27.241425112
1 39.6 59.284608347 95.999851613
2 39.6 77.434084159 44.430886073
3 39.6 116.050832956 29.957323745
4 39.6 112.152417702 36.425620226
5 39.6 116.511670862 25.739058981
1 39.8 59.314782018 95.657696425
2 39.8 77.434074538 44.43046135
3 39.8 116.294195502 29.653965237
4 39.8 112.206877019 36.093513098
5 39.8 116.432203847 24.248468832
1 40 59.312334389 95.74234889
2 40 77.43830656 44.428240786
3 40 117.49762046 29.639764037
4 40 112.238712389 35.940568254
5 40 116.366800004 22.744115656
1 40.2 59.284234271 96.007512898
2 40.2 77.437439699 44.428260421
3 40.2 118.406542904 28.76402649
4 40.2 112.352695358 35.806066563
5 40.2 116.051780648 21.261105223
1 40.4 58.969174064 96.017186221
2 40.4 77.439562292 44.428637284
3 40.4 119.098863857 28.443707831
4 40.4 112.441345837 35.636644946
5 40.4 116.060582608 19.795354619
1 40.6 58.371680015 96.068846559
2 40.6 77.434669492 44.423223879
3 40.6 119.709181922 28.442643372
4 40.6 112.606389202 35.260585711
5 40.6 116.224383149 19.557986554
1 40.8 57.991767631 96.436201129
2 40.8 77.46999343 44.441546243
3 40.8 120.120229888 28.42098316
4 40.8 112.959291105 34.759693988
5 40.8 116.036678519 19.143970697
1 41 58.032098646 97.473461072
2 41 77.472952385 44.452527706
3 41 120.386451347 28.366580669
4 41 113.279420561 34.395640007
5 41 115.928990539 17.743385358
1 41.2 58.087300957 97.882498811
2 41.2 77.472391368 44.451690526
3 41.2 120.495260151 28.491532015
4 41.2 114.128060896 33.555740267
5 41.2 116.045488335 16.241902582
1 41.4 57.91442813 98.056141888
2 41.4 77.472101243 44.450847214
3 41.4 120.431013931 28.54110667
4 41.4 114.915382734 32.364203618
5 41.4 115.986287841 14.743014825
1 41.6 57.925922376 98.00906018
2 41.6 77.46965969 44.448352851
3 41.6 120.229256977 28.443967452
4 41.6 115.655651958 31.109278385
5 41.6 115.655718239 13.288695325
2 41.8 77.469379181 44.447934262
3 41.8 119.922894468 28.393480781
4 41.8 116.052506663 29.947531949
5 41.8 115.399583583 12.856865771
2 42 77.46854727 44.447103217
3 42 119.436961615 28.461477262
4 42 116.292398647 29.65823565
5 42 115.30712705 12.173634631
2 42.2 77.466098665 44.439509727
3 42.2 118.749648979 28.415477425
4 42.2 117.501575426 29.638442117
5 42.2 114.823617492 10.821554733
2 42.4 77.440577467 44.46388438
3 42.4 118.019124154 29.320447646
4 42.4 118.406275898 28.764454452
5 42.4 114.581127563 9.333502551
2 42.6 77.315400865 44.544485971
3 42.6 116.795492201 29.671191887
4 42.6 119.097102581 28.451375024
5 42.6 114.111516104 7.907837815
2 42.8 77.248498542 44.563001827
3 42.8 116.12579422 29.663264415
4 42.8 119.710705234 28.442625993
5 42.8 113.613849908 6.480040694
2 43 77.23550616 44.857356462
3 43 115.8221577 30.65560808
4 43 120.123401343 28.41754875
5 43 112.99877012 5.118834212
2 43.2 77.062268817 45.185525358
3 43.2 115.152100255 31.958891297
4 43.2 120.392000661 28.366518352
5 43.2 112.610050645 3.678268303
2 43.4 76.556624167 45.022413506
3 43.4 114.397580319 33.216228789
4 43.4 120.497211216 28.485987489
5 43.4 111.763465851 2.438827943
2 43.6 76.13066237 44.854559781
3 43.6 113.542160628 34.121578904
4 43.6 120.428241378 28.536464747
5 43.6 111.46017782 1.062227442
2 43.8 75.899316589 44.809319101
3 43.8 113.103008975 34.597208921
4 43.8 120.230852531 28.435877865
5 43.8 110.907108336 0.253621715
2 44 74.860710625 44.566543915
3 44 112.61034495 35.223147193
4 44 119.923180958 28.394751994
5 44 111.17053936 0.097965919
2 44.2 73.758155292 44.741589467
3 44.2 112.412987704 35.680782276
4 44.2 119.439775981 28.460170485
5 44.2 111.314685871 0.063309048
2 44.4 73.408850186 46.006876906
3 44.4 112.234947626 35.902807916
4 44.4 118.755851085 28.415405107
5 44.4 111.312034537 0.065893708
2 44.6 73.181266494 47.384471206
3 44.6 112.178322744 36.219649255
4 44.6 118.018882415 29.322999465
5 44.6 111.307519672 0.068503493
2 44.8 73.037096155 48.648332863
3 44.8 112.131157499 36.516397069
4 44.8 116.800552672 29.675803361
5 44.8 111.311806292 0.069295348
2 45 72.864044544 49.921820162
3 45 112.19132618 36.735231789
4 45 116.131226215 29.653851056
5 45 111.308867015 0.066786048
2 45.2 73.098875303 50.087897232
3 45.2 112.340946959 36.810971989
4 45.2 115.821700053 30.658162756
5 45.2 111.286406552 0.096401505
2 45.4 72.983655997 50.145466371
3 45.4 112.346199011 36.842339923
4 45.4 115.145767653 31.961095399
5 45.4 110.863786926 0.212153218
2 45.6 72.518269151 50.567545453
3 45.6 112.311765723 36.841526433
4 45.6 114.401481762 33.219577424
5 45.6 111.471199894 0.793592662
2 45.8 71.583898733 51.52501488
3 45.8 112.089180256 36.879351216
4 45.8 113.535886879 34.123785008
5 45.8 111.594017458 2.169637101
2 46 70.925181644 52.798536579
3 46 112.216599461 36.935417659
4 46 113.096304026 34.591349528
5 46 112.473177465 3.391194128
2 46.2 70.818217157 53.723338563
3 46.2 112.208933668 36.950814825
4 46.2 112.605860046 35.224906235
5 46.2 112.911357457 4.806459889
2 46.4 70.540003875 54.981277966
4 46.4 112.413016082 35.682906097
5 46.4 113.528440254 6.142987718
2 46.6 69.7909084 56.189262437
4 46.6 112.231629402 35.910499546
5 46.6 113.959730363 7.585644111
2 46.8 68.780195691 56.988753765
4 46.8 112.176248197 36.218827426
5 46.8 114.501898233 8.985305459
2 47 67.494990368 57.469529589
4 47 112.131157499 36.516397069
5 47 114.742453122 10.472102763
2 47.2 66.152065199 57.916542366
4 47.2 112.196854898 36.730484316
5 47.2 115.279292908 11.879157401
2 47.4 64.867523086 58.370595623
4 47.4 112.341432409 36.814789059
5 47.4 115.40709199 12.849975005
2 47.6 63.79557481 59.266157593
4 47.6 112.335771272 36.833982688
5 47.6 115.432786 12.84243273
2 47.8 62.463441984 59.376358939
4 47.8 112.310911162 36.846635972
5 47.8 115.68304981 13.409005205
2 48 62.092415157 59.800261334
4 48 112.089305968 36.888696039
5 48 115.986274371 14.737492326
2 48.2 62.31197099 60.332006857
4 48.2 112.178200458 36.978842123
5 48.2 116.011118353 16.026516971
2 48.4 62.422556098 60.497772772
4 48.4 112.21858513 36.933691648
5 48.4 115.944496293 17.465784918
2 48.6 62.42578731 60.493436183
4 48.6 112.218476564 36.933693105
5 48.6 116.01560015 18.969628492
2 48.8 62.506928417 60.467039267
4 48.8 112.218427981 36.934118598
5 48.8 116.231040884 19.598262935
2 49 62.156305353 60.297506324
4 49 112.218427981 36.934118598
5 49 116.060645158 19.672155095
2 49.2 62.101555893 60.753736215
4 49.2 112.218427981 36.934118598
5 49.2 116.028260069 20.839545129
2 49.4 61.855327285 62.038365947
4 49.4 112.218427981 36.934118598
5 49.4 116.259558409 22.305313917
2 49.6 61.649903296 62.461267593
4 49.6 112.218427981 36.934118598
5 49.6 116.433954892 23.711043502
2 49.8 61.245549016 63.380036896
5 49.8 116.483017561 25.217723377
2 50 60.712731437 64.701025254
5 50 116.427389808 26.729937286
2 50.2 60.351808247 66.006345074
5 50.2 116.231188525 28.21797112
2 50.4 59.892000971 67.155047283
5 50.4 116.115118475 29.723722103
2 50.6 59.576127742 68.305367245
5 50.6 115.657316111 31.09014021
2 50.8 59.383073992 69.469748756
5 50.8 114.943834769 32.310313783
2 51 58.959681027 70.670294161
5 51 114.198830776 33.472834811
2 51.2 59.210288185 71.885719456
5 51.2 113.267559569 34.402593128
2 51.4 59.317712221 73.10639988
5 51.4 112.815132907 34.941308338
2 51.6 59.107056758 74.324859176
5 51.6 112.572888625 35.31456149
2 51.8 59.012873466 75.546895178
5 51.8 112.420665079 35.64159441
2 52 59.084495167 76.679314832
5 52 112.320310916 35.79672861
2 52.2 58.666789822 77.730170709
5 52.2 112.201882171 36.085508145
2 52.4 58.350264797 78.889180236
5 52.4 112.153208484 36.322798054
2 52.6 58.634410518 80.123181423
5 52.6 112.10256074 36.651031375
2 52.8 58.96459561 81.313836237
5 52.8 112.306096937 36.847974979
2 53 58.528561599 82.38139934
5 53 112.316576387 36.85208303
2 53.2 58.543255958 82.942039759
5 53.2 112.315907912 36.850817459
2 53.4 58.706819272 83.594994507
5 53.4 112.315456572 36.849548981
2 53.6 58.526488524 83.97280726
5 53.6 112.315288031 36.849126397
2 53.8 58.204824987 84.415385061
5 53.8 112.315288031 36.849126397
2 54 58.058320429 84.775695962
5 54 112.315288031 36.849126397
2 54.2 57.664766223 86.003711094
5 54.2 112.315179463 36.849127851
2 54.4 57.179852084 87.357216198
5 54.4 112.31511949 36.848703813
2 54.6 56.410619037 88.49833626
5 54.6 112.315113801 36.848279048
2 54.8 56.323908911 89.785334685
5 54.8 112.315005232 36.848280502
2 55 56.381218817 90.992970313
5 55 112.314950948 36.848281229
2 55.2 57.189056342 91.757924973
5 55.2 112.12886634 36.71355423
2 55.4 57.576390102 91.834898121
5 55.4 112.171373815 36.304710758
2 55.6 57.766072787 92.161058448
5 55.6 112.241783443 35.902291417
2 55.8 57.919837611 92.683341054
5 55.8 112.4833626 35.496736593
2 56 58.24744707 93.876547218
5 56 112.605082408 35.264426658
2 56.2 58.430946509 94.752073435
5 56.2 113.064770345 34.638922194
2 56.4 58.652474874 94.838922934
5 56.4 113.606673955 34.052338405
2 56.6 58.747364075 95.272354471
5 56.6 114.511679786 33.035911638
2 56.8 58.862646146 95.666961103
5 56.8 115.262156034 31.771002337
2 57 58.938710255 95.987437371
5 57 115.906741464 30.394560672
2 57.2 59.286437199 96.004050933
5 57.2 116.205602966 28.93199826
2 57.4 59.318238135 95.658874962
5 57.4 116.33126454 27.417213464
2 57.6 59.313052907 95.743178897
5 57.6 116.511647169 25.892846349
2 57.8 59.281395991 96.005467035
5 57.8 116.432230131 24.383987815
2 58 58.962903518 96.014811815
5 58 116.386079544 22.854333673
2 58.2 58.366887948 96.067706591
5 58.2 116.063482587 21.361219376
2 58.4 57.998157059 96.438995581
5 58.4 116.061689201 19.849718361
2 58.6 58.032870569 97.474289319
5 58.6 116.225213137 19.585589844
2 58.8 58.09361044 97.884445494
5 58.8 116.063477194 19.561241322
2 59 57.915546067 98.061635883
5 59 116.032051723 20.43549081
2 59.2 57.922685262 98.0023511
5 59.2 116.166656016 21.904147874
2 59.4 57.922151144 98.002366242
5 59.4 116.430732751 23.327890892
2 59.6 57.922151144 98.002366242
5 59.6 116.44700797 24.856637634
2 59.8 57.922151144 98.002366242
5 59.8 116.481471106 26.380916522
2 60 57.922151144 98.002366242
5 60 116.258206767 27.888821401
2 60.2 57.922151144 98.002366242
5 60.2 116.180795029 29.417033999
2 60.4 57.922151144 98.002366242
5 60.4 115.749499052 30.882097759
2 60.6 57.922151144 98.002366242
5 60.6 115.00151242 32.207623005
2 60.8 57.922151144 98.002366242
5 60.8 114.170868914 33.504208058
2 61 57.922151144 98.002366242
5 61 113.226165159 34.440097757
2 61.2 57.922151144 98.002366242
5 61.2 112.75857617 34.993888609
2 61.4 57.922151144 98.002366242
5 61.4 112.507355624 35.430566378
2 61.6 57.922151144 98.002366242
5 61.6 112.052530012 35.705158331
2 61.8 57.922151144 98.002366242
5 61.8 111.802782342 36.341541308
2 62 57.922151144 98.002366242
5 62 112.028320301 36.742521737
2 62.2 57.922151144 98.002366242
5 62.2 112.132823424 36.967556226
2 62.4 57.922151144 98.002366242
5 62.4 112.194014366 36.955688346
2 62.6 57.922151144 98.002366242
5 62.6 112.20897878 36.970356922
2 62.8 57.922151144 98.002366242
5 62.8 112.213677782 36.99281045
2 63 57.922151144 98.002366242
5 63 112.208331104 36.942326085
2 63.2 57.922151144 98.002366242
5 63.2 112.207631128 36.942760321
2 63.4 57.922151144 98.002366242
5 63.4 112.206859766 36.941920991
2 63.6 57.922151144 98.002366242
5 63.6 112.206745499 36.941497684
2 63.8 57.922151144 98.002366242
5 63.8 112.205974137 36.940658354
2 64 57.922151144 98.002366242
5 64 112.205582754 36.939813925
2 64.2 57.922151144 98.002366242
5 64.2 112.205582754 36.939813925
2 64.4 57.922151144 98.002366242
5 64.4 112.205582754 36.939813925
2 64.6 57.922151144 98.002366242
5 64.6 112.205419906 36.93981611
2 64.8 57.922151144 98.002366242
5 64.8 112.205468487 36.939390617
2 65 57.922151144 98.002366242
5 65 112.205468487 36.939390617
2 65.2 57.922151144 98.002366242
5 65.2 112.205414204 36.939391346
2 65.4 57.922151144 98.002366242
5 65.4 112.212361902 36.95544207
2 65.6 57.922151144 98.002366242
5 65.6 112.205414204 36.939391346
2 65.8 57.922151144 98.002366242
5 65.8 112.205299937 36.938968038
2 66 57.922151144 98.002366242
5 66 112.205144001 36.899035045
2 66.2 57.922151144 98.002366242
5 66.2 112.217213381 36.859787668
2 66.4 57.922151144 98.002366242
5 66.4 112.111760007 36.786007243
2 66.6 57.922151144 98.002366242
5 66.6 112.162690501 36.951860593
2 66.8 57.922151144 98.002366242
5 66.8 112.162744784 36.951859864
2 67 57.922151144 98.002366242
5 67 112.162744784 36.951859864
2 67.2 57.922151144 98.002366242
5 67.2 112.162744784 36.951859864
2 67.4 57.922151144 98.002366242
5 67.4 112.162744784 36.951859864
2 67.6 57.922151144 98.002366242
5 67.6 112.162744784 36.951859864
2 67.8 57.922151144 98.002366242
5 67.8 112.162744784 36.951859864
2 68 57.922151144 98.002366242
5 68 112.162744784 36.951859864
2 68.2 57.922151144 98.002366242
5 68.2 112.162799066 36.951859135
2 68.4 57.922151144 98.002366242
5 68.4 112.162799066 36.951859135
2 68.6 57.922151144 98.002366242
5 68.6 112.162799066 36.951859135
2 68.8 57.922151144 98.002366242
5 68.8 112.162799066 36.951859135
2 69 57.922151144 98.002366242
5 69 112.162799066 36.951859135
2 69.2 57.922151144 98.002366242
5 69.2 112.162799066 36.951859135
2 69.4 57.922151144 98.002366242
5 69.4 112.162799066 36.951859135
2 69.6 57.922151144 98.002366242
5 69.6 112.162853349 36.951858406
2 69.8 57.922151144 98.002366242
5 69.8 112.162853349 36.951858406
2 70 57.922151144 98.002366242
5 70 112.162853349 36.951858406
2 70.2 57.922151144 98.002366242
5 70.2 112.162853349 36.951858406
2 70.4 57.922151144 98.002366242
5 70.4 112.162799066 36.951859135
2 70.6 57.922151144 98.002366242
5 70.6 112.162799066 36.951859135
2 70.8 57.922151144 98.002366242
5 70.8 112.162853349 36.951858406
2 71 57.922151144 98.002366242
5 71 112.162853349 36.951858406
2 71.2 57.922151144 98.002366242
5 71.2 112.162853349 36.951858406
2 71.4 57.922151144 98.002366242
5 71.4 112.162853349 36.951858406
2 71.6 57.922151144 98.002366242
5 71.6 112.162853349 36.951858406
2 71.8 57.922151144 98.002366242
5 71.8 112.162853349 36.951858406
2 72 57.922151144 98.002366242
5 72 112.162853349 36.951858406
2 72.2 57.922151144 98.002366242
5 72.2 112.162853349 36.951858406
2 72.4 57.922151144 98.002366242
5 72.4 112.162853349 36.951858406
2 72.6 57.922151144 98.002366242
5 72.6 112.162853349 36.951858406
2 72.8 57.922151144 98.002366242
5 72.8 112.162853349 36.951858406
2 73 57.922151144 98.002366242
5 73 112.162853349 36.951858406
2 73.2 57.922151144 98.002366242
5 73.2 112.162853349 36.951858406
2 73.4 57.922151144 98.002366242
5 73.4 112.162853349 36.951858406
2 73.6 57.922151144 98.002366242
5 73.6 112.162907632 36.951857677
2 73.8 57.922151144 98.002366242
5 73.8 112.162907632 36.951857677
2 74 57.922151144 98.002366242
5 74 112.162907632 36.951857677
2 74.2 57.922151144 98.002366242
5 74.2 112.162907632 36.951857677
2 74.4 57.922151144 98.002366242
5 74.4 112.162907632 36.951857677
2 74.6 57.922151144 98.002366242
5 74.6 112.162907632 36.951857677
2 74.8 57.922151144 98.002366242
5 74.8 112.162907632 36.951857677
2 75 57.922151144 98.002366242
5 75 112.162907632 36.951857677
2 75.2 57.922151144 98.002366242
5 75.2 112.162907632 36.951857677
2 75.4 57.922151144 98.002366242
5 75.4 112.162956208 36.951432183
2 75.6 57.922151144 98.002366242
5 75.6 112.162956208 36.951432183
2 75.8 57.922151144 98.002366242
5 75.8 112.163010491 36.951431453
2 76 57.922151144 98.002366242
5 76 112.163010491 36.951431453
2 76.2 57.922151144 98.002366242
5 76.2 112.163010491 36.951431453
2 76.4 57.922151144 98.002366242
5 76.4 112.163010491 36.951431453
2 76.6 57.922151144 98.002366242
5 76.6 112.163010491 36.951431453
2 76.8 57.922151144 98.002366242
5 76.8 112.163010491 36.951431453
2 77 57.922151144 98.002366242
5 77 112.163010491 36.951431453
2 77.2 57.922151144 98.002366242
5 77.2 112.163010491 36.951431453
2 77.4 57.922151144 98.002366242
5 77.4 112.163010491 36.951431453
2 77.6 57.922151144 98.002366242
5 77.6 112.163010491 36.951431453
2 77.8 57.922151144 98.002366242
5 77.8 112.163010491 36.951431453
2 78 57.922151144 98.002366242
5 78 112.163010491 36.951431453
2 78.2 57.922151144 98.002366242
5 78.2 112.163010491 36.951431453
2 78.4 57.922151144 98.002366242
5 78.4 112.163010491 36.951431453
2 78.6 57.922151144 98.002366242
5 78.6 112.163010491 36.951431453
2 78.8 57.922151144 98.002366242
5 78.8 112.165145101 36.928461341
2 79 57.922151144 98.002366242
5 79 112.165139395 36.928036576
2 79.2 57.922151144 98.002366242
5 79.2 112.165193678 36.928035847
2 79.4 57.922151144 98.002366242
5 79.4 112.165193678 36.928035847
2 79.6 57.922151144 98.002366242
5 79.6 112.16530795 36.928459154
2 79.8 57.922151144 98.002366242
5 79.8 112.16530795 36.928459154
2 80 57.922151144 98.002366242
5 80 112.165362233 36.928458424
2 80.2 57.922151144 98.002366242
5 80.2 112.165422222 36.92888246
2 80.4 57.922151144 98.002366242
5 80.4 112.165476505 36.928881731
2 80.6 57.922151144 98.002366242
5 80.6 112.165530788 36.928881002
2 80.8 57.922151144 98.002366242
5 80.8 112.165585071 36.928880273
2 81 57.922151144 98.002366242
5 81 112.165530788 36.928881002
2 81.2 57.922151144 98.002366242
5 81.2 112.165585071 36.928880273
2 81.4 57.922151144 98.002366242
5 81.4 112.165693637 36.928878814
2 81.6 57.922151144 98.002366242
5 81.6 112.165753626 36.92930285
2 81.8 57.922151144 98.002366242
5 81.8 112.165753626 36.92930285
2 82 57.922151144 98.002366242
5 82 112.165753626 36.92930285
2 82.2 57.922151144 98.002366242
5 82.2 112.165807909 36.929302121
2 82.4 57.922151144 98.002366242
5 82.4 112.165867898 36.929726156
2 82.6 57.922151144 98.002366242
5 82.6 112.165699343 36.929303579
2 82.8 57.922151144 98.002366242
5 82.8 112.165699343 36.929303579
2 83 57.922151144 98.002366242
5 83 112.165699343 36.929303579
2 83.2 57.922151144 98.002366242
5 83.2 112.165699343 36.929303579
2 83.4 57.922151144 98.002366242
5 83.4 112.165807909 36.929302121
2 83.6 57.922151144 98.002366242
5 83.6 112.166030747 36.929723969
2 83.8 57.922151144 98.002366242
5 83.8 112.166139313 36.929722511
2 84 57.922151144 98.002366242
5 84 112.166199301 36.930146546
2 84.2 57.922151144 98.002366242
5 84.2 112.166199301 36.930146546
2 84.4 57.922151144 98.002366242
5 84.4 112.166470717 36.9301429
2 84.6 57.922151144 98.002366242
5 84.6 112.166584988 36.930566207
2 84.8 57.922151144 98.002366242
5 84.8 112.166584988 36.930566207
2 85 57.922151144 98.002366242
5 85 112.166584988 36.930566207
2 85.2 57.922151144 98.002366242
5 85.2 112.166530705 36.930566936
2 85.4 57.922151144 98.002366242
5 85.4 112.166639271 36.930565478
2 85.6 57.922151144 98.002366242
5 85.6 112.166639271 36.930565478
2 85.8 57.922151144 98.002366242
5 85.8 112.166639271 36.930565478
2 86 57.922151144 98.002366242
5 86 112.166639271 36.930565478
2 86.2 57.922151144 98.002366242
5 86.2 112.166584988 36.930566207
2 86.4 57.922151144 98.002366242
5 86.4 112.166644977 36.930990243
2 86.6 57.922151144 98.002366242
5 86.6 112.166644977 36.930990243
2 86.8 57.922151144 98.002366242
5 86.8 112.166584988 36.930566207
2 87 57.922151144 98.002366242
5 87 112.166584988 36.930566207
2 87.2 57.922151144 98.002366242
5 87.2 112.166639271 36.930565478
2 87.4 57.922151144 98.002366242
5 87.4 112.166584988 36.930566207
2 87.6 57.922151144 98.002366242
5 87.6 112.166747837 36.930564019
2 87.8 57.922151144 98.002366242
5 87.8 112.166584988 36.930566207
2 88 57.922151144 98.002366242
5 88 112.166530705 36.930566936
2 88.2 57.922151144 98.002366242
5 88.2 112.16669926 36.930989513
2 88.4 57.922151144 98.002366242
5 88.4 112.166916392 36.930986597
2 88.6 57.922151144 98.002366242
5 88.6 112.167084946 36.931409174
2 88.8 57.922151144 98.002366242
5 88.8 112.167139229 36.931408445
2 89 57.922151144 98.002366242
5 89 112.167139229 36.931408445
2 89.2 57.922151144 98.002366242
5 89.2 112.166922097 36.931411362
2 89.4 57.922151144 98.002366242
5 89.4 112.16697638 36.931410632
2 89.6 57.922151144 98.002366242
5 89.6 112.167090652 36.931833939
2 89.8 57.922151144 98.002366242
5 89.8 112.167199218 36.931832481
2 90 57.922151144 98.002366242
5 90 112.167313489 36.932255787
2 90.2 57.922151144 98.002366242
5 90.2 112.167313489 36.932255787
2 90.4 57.922151144 98.002366242
5 90.4 112.167313489 36.932255787
2 90.6 57.922151144 98.002366242
5 90.6 112.167313489 36.932255787
2 90.8 57.922151144 98.002366242
5 90.8 112.167259206 36.932256516
2 91 57.922151144 98.002366242
5 91 112.167259206 36.932256516
2 91.2 57.922151144 98.002366242
5 91.2 112.167313489 36.932255787
2 91.4 57.922151144 98.002366242
5 91.4 112.167367772 36.932255058
2 91.6 57.922151144 98.002366242
5 91.6 112.167367772 36.932255058
2 91.8 57.922151144 98.002366242
5 91.8 112.167367772 36.932255058
2 92 57.922151144 98.002366242
5 92 112.167536327 36.932677635
2 92.2 57.922151144 98.002366242
5 92.2 112.16759061 36.932676906
2 92.4 57.922151144 98.002366242
5 92.4 112.16759061 36.932676906
2 92.6 57.922151144 98.002366242
5 92.6 112.167644893 36.932676177
2 92.8 57.922151144 98.002366242
5 92.8 112.167699176 36.932675448
2 93 57.922151144 98.002366242
5 93 112.167916308 36.932672531
2 93.2 57.922151144 98.002366242
5 93.2 112.168024874 36.932671073
2 93.4 57.922151144 98.002366242
5 93.4 112.168024874 36.932671073
2 93.6 57.922151144 98.002366242
5 93.6 112.168079157 36.932670344
2 93.8 57.922151144 98.002366242
5 93.8 112.168079157 36.932670344
2 94 57.922151144 98.002366242
5 94 112.168079157 36.932670344
2 94.2 57.922151144 98.002366242
5 94.2 112.168079157 36.932670344
2 94.4 57.922151144 98.002366242
5 94.4 112.196670079 36.898723951
2 94.6 57.922151144 98.002366242
5 94.6 112.174635113 36.972092543
2 94.8 57.922151144 98.002366242
5 94.8 112.166419048 36.942463996
2 95 57.922151144 98.002366242
5 95 112.16594762 36.943744853
2 95.2 57.922151144 98.002366242
5 95.2 112.166001903 36.943744124
2 95.4 57.922151144 98.002366242
5 95.4 112.166056186 36.943743394
2 95.6 57.922151144 98.002366242
5 95.6 112.166056186 36.943743394
2 95.8 57.922151144 98.002366242
5 95.8 112.166056186 36.943743394
2 96 57.922151144 98.002366242
5 96 112.166056186 36.943743394
2 96.2 57.922151144 98.002366242
5 96.2 112.189475937 36.904768313
2 96.4 57.922151144 98.002366242
5 96.4 112.189475937 36.904768313
2 96.6 57.922151144 98.002366242
5 96.6 112.189475937 36.904768313
2 96.8 57.922151144 98.002366242
5 96.8 112.189475937 36.904768313
2 97 57.922151144 98.002366242
5 97 112.189475937 36.904768313
2 97.2 57.922151144 98.002366242
5 97.2 112.189475937 36.904768313
2 97.4 57.922151144 98.002366242
5 97.4 112.189475937 36.904768313
2 97.6 57.922151144 98.002366242
5 97.6 112.189475937 36.904768313
2 97.8 57.922151144 98.002366242
5 97.8 112.189475937 36.904768313
2 98 57.922151144 98.002366242
5 98 112.189475937 36.904768313
2 98.2 57.922151144 98.002366242
5 98.2 112.189475937 36.904768313
2 98.4 57.922151144 98.002366242
5 98.4 112.189475937 36.904768313
2 98.6 57.922151144 98.002366242
5 98.6 112.189475937 36.904768313
2 98.8 57.922151144 98.002366242
5 98.8 112.189475937 36.904768313
2 99 57.922151144 98.002366242
5 99 112.189475937 36.904768313
2 99.2 57.922151144 98.002366242
5 99.2 112.189475937 36.904768313
2 99.4 57.922151144 98.002366242
5 99.4 112.189475937 36.904768313
2 99.6 57.922151144 98.002366242
5 99.6 112.189475937 36.904768313
2 99.8 57.922151144 98.002366242
5 99.8 112.189475937 36.904768313
2 100 57.922151144 98.002366242
5 100 112.189475937 36.904768313
2 100.2 57.922151144 98.002366242
5 100.2 112.189475937 36.904768313
2 100.4 57.922151144 98.002366242
5 100.4 112.189475937 36.904768313
2 100.6 57.922151144 98.002366242
5 100.6 112.189475937 36.904768313
2 100.8 57.922151144 98.002366242
5 100.8 112.189475937 36.904768313
2 101 57.922151144 98.002366242
5 101 112.189475937 36.904768313
2 101.2 57.922151144 98.002366242
5 101.2 112.189475937 36.904768313
2 101.4 57.922151144 98.002366242
5 101.4 112.189475937 36.904768313
2 101.6 57.922151144 98.002366242
5 101.6 112.189475937 36.904768313
2 101.8 57.922151144 98.002366242
5 101.8 112.189475937 36.904768313
2 102 57.922151144 98.002366242
5 102 112.189475937 36.904768313
2 102.2 57.922151144 98.002366242
5 102.2 112.189475937 36.904768313
2 102.4 57.922151144 98.002366242
5 102.4 112.189475937 36.904768313
2 102.6 57.922151144 98.002366242
5 102.6 112.189475937 36.904768313
2 102.8 57.922151144 98.002366242
5 102.8 112.189475937 36.904768313
2 103 57.922151144 98.002366242
5 103 112.189475937 36.904768313
2 103.2 57.922151144 98.002366242
5 103.2 112.189475937 36.904768313
2 103.4 57.922151144 98.002366242
5 103.4 112.189475937 36.904768313
2 103.6 57.922151144 98.002366242
5 103.6 112.189475937 36.904768313
2 103.8 57.922151144 98.002366242
5 103.8 112.189475937 36.904768313
2 104 57.922151144 98.002366242
5 104 112.189475937 36.904768313
2 104.2 57.922151144 98.002366242
5 104.2 112.189475937 36.904768313
2 104.4 57.922151144 98.002366242
5 104.4 112.189475937 36.904768313
2 104.6 57.922151144 98.002366242
5 104.6 112.189475937 36.904768313
2 104.8 57.922151144 98.002366242
5 104.8 112.189475937 36.904768313
2 105 57.922151144 98.002366242
5 105 112.189475937 36.904768313
2 105.2 57.922151144 98.002366242
5 105.2 112.189475937 36.904768313
2 105.4 57.922151144 98.002366242
5 105.4 112.189475937 36.904768313
2 105.6 57.922151144 98.002366242
5 105.6 112.189475937 36.904768313
2 105.8 57.922151144 98.002366242
5 105.8 112.189475937 36.904768313
2 106 57.922151144 98.002366242
5 106 112.189475937 36.904768313
2 106.2 57.922151144 98.002366242
5 106.2 112.189475937 36.904768313
2 106.4 57.922151144 98.002366242
5 106.4 112.189475937 36.904768313
2 106.6 57.922151144 98.002366242
5 106.6 112.189475937 36.904768313
2 106.8 57.922151144 98.002366242
5 106.8 112.189475937 36.904768313
2 107 57.922151144 98.002366242
5 107 112.189475937 36.904768313
2 107.2 57.922151144 98.002366242
5 107.2 112.189475937 36.904768313
2 107.4 57.922151144 98.002366242
5 107.4 112.189475937 36.904768313
2 107.6 57.922151144 98.002366242
5 107.6 112.189475937 36.904768313
2 107.8 57.922151144 98.002366242
5 107.8 112.189475937 36.904768313
2 108 57.922151144 98.002366242
5 108 112.189475937 36.904768313
2 108.2 57.922151144 98.002366242
5 108.2 112.189475937 36.904768313
2 108.4 57.922151144 98.002366242
5 108.4 112.189475937 36.904768313
2 108.6 57.922151144 98.002366242
5 108.6 112.189475937 36.904768313
2 108.8 57.922151144 98.002366242
5 108.8 112.189475937 36.904768313
2 109 57.922151144 98.002366242
5 109 112.189475937 36.904768313
2 109.2 57.922151144 98.002366242
5 109.2 112.189475937 36.904768313
2 109.4 57.922151144 98.002366242
5 109.4 112.189475937 36.904768313
2 109.6 57.922151144 98.002366242
5 109.6 112.189475937 36.904768313
2 109.8 57.922151144 98.002366242
5 109.8 112.189475937 36.904768313
2 110 57.922151144 98.002366242
5 110 112.189475937 36.904768313
2 110.2 57.922151144 98.002366242
5 110.2 112.189475937 36.904768313
2 110.4 57.922151144 98.002366242
5 110.4 112.189475937 36.904768313
2 110.6 57.922151144 98.002366242
5 110.6 112.189475937 36.904768313
2 110.8 57.922151144 98.002366242
5 110.8 112.189475937 36.904768313
2 111 57.922151144 98.002366242
5 111 112.189475937 36.904768313
2 111.2 57.922151144 98.002366242
5 111.2 112.189475937 36.904768313
2 111.4 57.922151144 98.002366242
5 111.4 112.189475937 36.904768313
2 111.6 57.922151144 98.002366242
5 111.6 112.189475937 36.904768313
2 111.8 57.922151144 98.002366242
5 111.8 112.189475937 36.904768313
2 112 57.922151144 98.002366242
5 112 112.189475937 36.904768313
2 112.2 57.922151144 98.002366242
5 112.2 112.189475937 36.904768313
2 112.4 57.922151144 98.002366242
5 112.4 112.189475937 36.904768313
2 112.6 57.922151144 98.002366242
5 112.6 112.189475937 36.904768313
2 112.8 57.922151144 98.002366242
5 112.8 112.189475937 36.904768313
2 113 57.922151144 98.002366242
5 113 112.189475937 36.904768313
2 113.2 57.922151144 98.002366242
5 113.2 112.189475937 36.904768313
2 113.4 57.922151144 98.002366242
5 113.4 112.189475937 36.904768313
2 113.6 57.922151144 98.002366242
5 113.6 112.189475937 36.904768313
2 113.8 57.922151144 98.002366242
5 113.8 112.189475937 36.904768313
2 114 57.922151144 98.002366242
5 114 112.189475937 36.904768313
2 114.2 57.922151144 98.002366242
5 114.2 112.189475937 36.904768313
2 114.4 57.922151144 98.002366242
5 114.4 112.189475937 36.904768313
2 114.6 57.922151144 98.002366242
5 114.6 112.189475937 36.904768313
2 114.8 57.922151144 98.002366242
5 114.8 112.189475937 36.904768313
2 115 57.922151144 98.002366242
5 115 112.189475937 36.904768313
2 115.2 57.922151144 98.002366242
5 115.2 112.189475937 36.904768313
2 115.4 57.922151144 98.002366242
5 115.4 112.189475937 36.904768313
2 115.6 57.922151144 98.002366242
5 115.6 112.189475937 36.904768313
2 115.8 57.922151144 98.002366242
5 115.8 112.189475937 36.904768313
2 116 57.922151144 98.002366242
5 116 112.189475937 36.904768313
2 116.2 57.922151144 98.002366242
5 116.2 112.189475937 36.904768313
2 116.4 57.922151144 98.002366242
5 116.4 112.189475937 36.904768313
2 116.6 57.922151144 98.002366242
5 116.6 112.189475937 36.904768313
2 116.8 57.922151144 98.002366242
5 116.8 112.189475937 36.904768313
2 117 57.922151144 98.002366242
5 117 112.189475937 36.904768313
2 117.2 57.922151144 98.002366242
5 117.2 112.189475937 36.904768313
2 117.4 57.922151144 98.002366242
5 117.4 112.189475937 36.904768313
2 117.6 57.922151144 98.002366242
5 117.6 112.189475937 36.904768313
2 117.8 57.922151144 98.002366242
5 117.8 112.189475937 36.904768313
2 118 57.922151144 98.002366242
5 118 112.189475937 36.904768313
2 118.2 57.922151144 98.002366242
5 118.2 112.189475937 36.904768313
2 118.4 57.922151144 98.002366242
5 118.4 112.189475937 36.904768313
2 118.6 57.922151144 98.002366242
5 118.6 112.189475937 36.904768313
2 118.8 57.922151144 98.002366242
5 118.8 112.189475937 36.904768313
2 119 57.922151144 98.002366242
5 119 112.189475937 36.904768313
2 119.2 57.922151144 98.002366242
5 119.2 112.189475937 36.904768313
2 119.4 57.922151144 98.002366242
5 119.4 112.189475937 36.904768313
2 119.6 57.922151144 98.002366242
5 119.6 112.189475937 36.904768313
2 119.8 57.922151144 98.002366242
5 119.8 112.189475937 36.904768313
2 120 57.922151144 98.002366242
5 120 112.189475937 36.904768313
2 120.2 57.922151144 98.002366242
5 120.2 112.189475937 36.904768313
2 120.4 57.922151144 98.002366242
5 120.4 112.189475937 36.904768313
2 120.6 57.922151144 98.002366242
5 120.6 112.189475937 36.904768313
2 120.8 57.922151144 98.002366242
5 120.8 112.189475937 36.904768313
2 121 57.922151144 98.002366242
5 121 112.189475937 36.904768313
2 121.2 57.922151144 98.002366242
5 121.2 112.189475937 36.904768313
2 121.4 57.922151144 98.002366242
5 121.4 112.189475937 36.904768313
2 121.6 57.922151144 98.002366242
5 121.6 112.189475937 36.904768313
2 121.8 57.922151144 98.002366242
5 121.8 112.189475937 36.904768313
2 122 57.922151144 98.002366242
5 122 112.189475937 36.904768313
2 122.2 57.922151144 98.002366242
5 122.2 112.189475937 36.904768313
2 122.4 57.922151144 98.002366242
5 122.4 112.189475937 36.904768313
2 122.6 57.922151144 98.002366242
5 122.6 112.189475937 36.904768313
2 122.8 57.922151144 98.002366242
5 122.8 112.189475937 36.904768313
2 123 57.922151144 98.002366242
5 123 112.189475937 36.904768313
2 123.2 57.922151144 98.002366242
5 123.2 112.189475937 36.904768313
2 123.4 57.922151144 98.002366242
5 123.4 112.189475937 36.904768313
2 123.6 57.922151144 98.002366242
5 123.6 112.189475937 36.904768313
2 123.8 57.922151144 98.002366242
5 123.8 112.189475937 36.904768313
2 124 57.922151144 98.002366242
5 124 112.189475937 36.904768313
2 124.2 57.922151144 98.002366242
5 124.2 112.189475937 36.904768313
2 124.4 57.922151144 98.002366242
5 124.4 112.189475937 36.904768313
2 124.6 57.922151144 98.002366242
5 124.6 112.189475937 36.904768313
2 124.8 57.922151144 98.002366242
5 124.8 112.189475937 36.904768313
2 125 57.922151144 98.002366242
2 125.2 57.922151144 98.002366242
2 125.4 57.922151144 98.002366242
2 125.6 57.922151144 98.002366242
2 125.8 57.922151144 98.002366242
2 126 57.922151144 98.002366242
2 126.2 57.922151144 98.002366242
2 126.4 57.922151144 98.002366242
2 126.6 57.922151144 98.002366242
2 126.8 57.922151144 98.002366242
2 127 57.922151144 98.002366242
2 127.2 57.922151144 98.002366242
2 127.4 57.922151144 98.002366242
2 127.6 57.922151144 98.002366242
2 127.8 57.922151144 98.002366242
2 128 57.922151144 98.002366242
2 128.2 57.922151144 98.002366242
2 128.4 57.922151144 98.002366242
2 128.6 57.922151144 98.002366242
2 128.8 57.922151144 98.002366242
2 129 57.922151144 98.002366242
2 129.2 57.922151144 98.002366242
2 129.4 57.922151144 98.002366242
2 129.6 57.922151144 98.002366242
2 129.8 57.922151144 98.002366242
2 130 57.922151144 98.002366242
2 130.2 57.922151144 98.002366242
2 130.4 57.922151144 98.002366242
2 130.6 57.922151144 98.002366242
2 130.8 57.922151144 98.002366242
2 131 57.922151144 98.002366242
2 131.2 57.922151144 98.002366242
2 131.4 57.922151144 98.002366242
2 131.6 57.922151144 98.002366242
2 131.8 57.922151144 98.002366242
2 132 57.922151144 98.002366242
2 132.2 57.922151144 98.002366242
2 132.4 57.922151144 98.002366242
2 132.6 57.922151144 98.002366242
2 132.8 57.922151144 98.002366242
2 133 57.922151144 98.002366242
2 133.2 57.922151144 98.002366242
2 133.4 57.922151144 98.002366242
2 133.6 57.922151144 98.002366242
2 133.8 57.922151144 98.002366242
2 134 57.922151144 98.002366242
2 134.2 57.922151144 98.002366242
2 134.4 57.922151144 98.002366242
2 134.6 57.922151144 98.002366242
2 134.8 57.922151144 98.002366242
2 135 57.922151144 98.002366242
2 135.2 57.922151144 98.002366242
2 135.4 57.922151144 98.002366242
2 135.6 57.922151144 98.002366242
2 135.8 57.922151144 98.002366242
2 136 57.922151144 98.002366242
2 136.2 57.922151144 98.002366242
2 136.4 57.922151144 98.002366242
2 136.6 57.922151144 98.002366242
2 136.8 57.922151144 98.002366242
2 137 57.922151144 98.002366242
2 137.2 57.922151144 98.002366242
2 137.4 57.922151144 98.002366242
2 137.6 57.922151144 98.002366242
2 137.8 57.922151144 98.002366242
2 138 57.922151144 98.002366242
2 138.2 57.922151144 98.002366242
2 138.4 57.922151144 98.002366242
2 138.6 57.922151144 98.002366242
2 138.8 57.922151144 98.002366242
2 139 57.922151144 98.002366242
2 139.2 57.922151144 98.002366242
2 139.4 57.922151144 98.002366242
2 139.6 57.922151144 98.002366242
2 139.8 57.922151144 98.002366242
2 140 57.922151144 98.002366242
2 140.2 57.922151144 98.002366242
2 140.4 57.922151144 98.002366242
2 140.6 57.922151144 98.002366242
2 140.8 57.922151144 98.002366242
2 141 57.922151144 98.002366242
2 141.2 57.922151144 98.002366242
2 141.4 57.922151144 98.002366242
2 141.6 57.922151144 98.002366242
2 141.8 57.922151144 98.002366242
2 142 57.922151144 98.002366242
2 142.2 57.922151144 98.002366242
2 142.4 57.922151144 98.002366242
2 142.6 57.922151144 98.002366242
2 142.8 57.922151144 98.002366242
2 143 57.922151144 98.002366242
2 143.2 57.922151144 98.002366242
2 143.4 57.922151144 98.002366242
2 143.6 57.922151144 98.002366242
2 143.8 57.922151144 98.002366242
2 144 57.922151144 98.002366242
2 144.2 57.922151144 98.002366242
2 144.4 57.922151144 98.002366242
2 144.6 57.922151144 98.002366242
2 144.8 57.922151144 98.002366242
2 145 57.922151144 98.002366242
2 145.2 57.922151144 98.002366242
2 145.4 57.922151144 98.002366242
2 145.6 57.922151144 98.002366242
2 145.8 57.922151144 98.002366242
2 146 57.922151144 98.002366242
2 146.2 57.922151144 98.002366242
2 146.4 57.922151144 98.002366242
2 146.6 57.922151144 98.002366242
2 146.8 57.922151144 98.002366242
2 147 57.922151144 98.002366242
2 147.2 57.922151144 98.002366242
2 147.4 57.922151144 98.002366242
2 147.6 57.922151144 98.002366242
2 147.8 57.922151144 98.002366242
2 148 57.922151144 98.002366242
2 148.2 57.922151144 98.002366242
2 148.4 57.922151144 98.002366242
2 148.6 57.922151144 98.002366242
2 148.8 57.922151144 98.002366242
2 149 57.922151144 98.002366242
2 149.2 57.922151144 98.002366242
2 149.4 57.922151144 98.002366242
2 149.6 57.922151144 98.002366242
2 149.8 57.922151144 98.002366242
2 150 57.922151144 98.002366242
2 150.2 57.922151144 98.002366242
2 150.4 57.922151144 98.002366242
2 150.6 57.922151144 98.002366242
2 150.8 57.922151144 98.002366242
2 151 57.922151144 98.002366242
2 151.2 57.922151144 98.002366242
2 151.4 57.922151144 98.002366242
2 151.6 57.922151144 98.002366242
2 151.8 57.922151144 98.002366242
2 152 57.922151144 98.002366242
2 152.2 57.922151144 98.002366242
2 152.4 57.922151144 98.002366242
2 152.6 57.922151144 98.002366242
2 152.8 57.922151144 98.002366242
2 153 57.922151144 98.002366242
2 153.2 57.922151144 98.002366242
2 153.4 57.922151144 98.002366242
2 153.6 57.922151144 98.002366242
2 153.8 57.922151144 98.002366242
2 154 57.922151144 98.002366242
2 154.2 57.922151144 98.002366242
2 154.4 57.922151144 98.002366242
2 154.6 57.922151144 98.002366242
2 154.8 57.922151144 98.002366242
2 155 57.922151144 98.002366242
2 155.2 57.922151144 98.002366242
2 155.4 57.922151144 98.002366242
2 155.6 57.922151144 98.002366242
2 155.8 57.922151144 98.002366242
2 156 57.922151144 98.002366242
2 156.2 57.922151144 98.002366242
2 156.4 57.922151144 98.002366242
2 156.6 57.922151144 98.002366242
2 156.8 57.922151144 98.002366242
2 157 57.922151144 98.002366242
2 157.2 57.922151144 98.002366242
2 157.4 57.922151144 98.002366242
2 157.6 57.922151144 98.002366242
2 157.8 57.922151144 98.002366242
2 158 57.922151144 98.002366242
2 158.2 57.922151144 98.002366242
2 158.4 57.922151144 98.002366242
2 158.6 57.922151144 98.002366242
2 158.8 57.922151144 98.002366242
2 159 57.922151144 98.002366242
2 159.2 57.922151144 98.002366242
2 159.4 57.922151144 98.002366242
2 159.6 57.922151144 98.002366242
2 159.8 57.922151144 98.002366242
2 160 57.922151144 98.002366242
2 160.2 57.922151144 98.002366242
2 160.4 57.922151144 98.002366242
2 160.6 57.922151144 98.002366242
2 160.8 57.922151144 98.002366242
2 161 57.922151144 98.002366242
2 161.2 57.922151144 98.002366242
2 161.4 57.922151144 98.002366242
2 161.6 57.922151144 98.002366242
2 161.8 57.922151144 98.002366242
2 162 57.922151144 98.002366242
2 162.2 57.922151144 98.002366242
2 162.4 57.922151144 98.002366242
2 162.6 57.922151144 98.002366242
2 162.8 57.922151144 98.002366242
2 163 57.922151144 98.002366242
2 163.2 57.922151144 98.002366242
2 163.4 57.922151144 98.002366242
2 163.6 57.922151144 98.002366242
2 163.8 57.922151144 98.002366242
2 164 57.922151144 98.002366242
2 164.2 57.922151144 98.002366242
2 164.4 57.922151144 98.002366242
2 164.6 57.922151144 98.002366242
2 164.8 57.922151144 98.002366242
2 165 57.922151144 98.002366242
2 165.2 57.922151144 98.002366242
2 165.4 57.922151144 98.002366242
2 165.6 57.922151144 98.002366242
2 165.8 57.922151144 98.002366242
2 166 57.922151144 98.002366242
2 166.2 57.922151144 98.002366242
2 166.4 57.922151144 98.002366242
2 166.6 57.922151144 98.002366242
2 166.8 57.922151144 98.002366242
2 167 57.922151144 98.002366242
2 167.2 57.922151144 98.002366242
2 167.4 57.922151144 98.002366242
2 167.6 57.922151144 98.002366242
2 167.8 57.922151144 98.002366242
2 168 57.922151144 98.002366242
2 168.2 57.922151144 98.002366242
2 168.4 57.922151144 98.002366242
2 168.6 57.922151144 98.002366242
2 168.8 57.922151144 98.002366242
2 169 57.922151144 98.002366242
2 169.2 57.922151144 98.002366242
2 169.4 57.922151144 98.002366242
2 169.6 57.922151144 98.002366242
2 169.8 57.922151144 98.002366242
2 170 57.922151144 98.002366242
2 170.2 57.922151144 98.002366242
2 170.4 57.922151144 98.002366242
2 170.6 57.922151144 98.002366242
2 170.8 57.922151144 98.002366242
2 171 57.922151144 98.002366242
2 171.2 57.922151144 98.002366242
2 171.4 57.922151144 98.002366242
2 171.6 57.922151144 98.002366242
2 171.8 57.922151144 98.002366242
2 172 57.922151144 98.002366242
2 172.2 57.922151144 98.002366242
2 172.4 57.922151144 98.002366242
2 172.6 57.922151144 98.002366242
2 172.8 57.922151144 98.002366242
2 173 57.922151144 98.002366242
2 173.2 57.922151144 98.002366242
2 173.4 57.922151144 98.002366242
2 173.6 57.922151144 98.002366242
2 173.8 57.922151144 98.002366242
2 174 57.922151144 98.002366242
2 174.2 57.922151144 98.002366242
2 174.4 57.922151144 98.002366242
2 174.6 57.922151144 98.002366242
2 174.8 57.922151144 98.002366242
2 175 57.922151144 98.002366242
2 175.2 57.922151144 98.002366242
2 175.4 57.922151144 98.002366242
2 175.6 57.922151144 98.002366242
2 175.8 57.922151144 98.002366242
2 176 57.922151144 98.002366242
2 176.2 57.922151144 98.002366242
2 176.4 57.922151144 98.002366242
2 176.6 57.922151144 98.002366242
2 176.8 57.922151144 98.002366242
2 177 57.922151144 98.002366242
2 177.2 57.922151144 98.002366242
2 177.4 57.922151144 98.002366242
2 177.6 57.922151144 98.002366242
2 177.8 57.922151144 98.002366242
2 178 57.922151144 98.002366242
2 178.2 57.922151144 98.002366242
2 178.4 57.922151144 98.002366242
2 178.6 57.922151144 98.002366242
2 178.8 57.922151144 98.002366242
2 179 57.922151144 98.002366242
2 179.2 57.922151144 98.002366242
2 179.4 57.922151144 98.002366242
2 179.6 57.922151144 98.002366242
2 179.8 57.922151144 98.002366242
2 180 57.922151144 98.002366242
2 180.2 57.922151144 98.002366242
2 180.4 57.922151144 98.002366242
2 180.6 57.922151144 98.002366242
2 180.8 57.922151144 98.002366242
2 181 57.922151144 98.002366242
2 181.2 57.922151144 98.002366242
2 181.4 57.922151144 98.002366242
2 181.6 57.922151144 98.002366242
2 181.8 57.922151144 98.002366242
2 182 57.922151144 98.002366242
2 182.2 57.922151144 98.002366242
2 182.4 57.922151144 98.002366242
2 182.6 57.922151144 98.002366242
2 182.8 57.922151144 98.002366242
2 183 57.922151144 98.002366242
2 183.2 57.922151144 98.002366242
2 183.4 57.922151144 98.002366242
2 183.6 57.922151144 98.002366242
2 183.8 57.922151144 98.002366242
2 184 57.922151144 98.002366242
2 184.2 57.922151144 98.002366242
2 184.4 57.922151144 98.002366242
2 184.6 57.922151144 98.002366242
2 184.8 57.922151144 98.002366242
2 185 57.922151144 98.002366242
2 185.2 57.922151144 98.002366242
2 185.4 57.922151144 98.002366242
2 185.6 57.922151144 98.002366242
2 185.8 57.922151144 98.002366242
2 186 57.922151144 98.002366242
2 186.2 57.922151144 98.002366242
2 186.4 57.922151144 98.002366242
2 186.6 57.922151144 98.002366242
2 186.8 57.922151144 98.002366242
2 187 57.922151144 98.002366242
2 187.2 57.922151144 98.002366242
2 187.4 57.922151144 98.002366242
2 187.6 57.922151144 98.002366242
2 187.8 57.922151144 98.002366242
2 188 57.922151144 98.002366242
2 188.2 57.922151144 98.002366242
2 188.4 57.922151144 98.002366242
2 188.6 57.922151144 98.002366242
2 188.8 57.922151144 98.002366242
2 189 57.922151144 98.002366242
2 189.2 57.922151144 98.002366242
2 189.4 57.922151144 98.002366242
2 189.6 57.922151144 98.002366242
2 189.8 57.922151144 98.002366242
2 190 57.922151144 98.002366242
2 190.2 57.922151144 98.002366242
2 190.4 57.922151144 98.002366242
2 190.6 57.922151144 98.002366242
2 190.8 57.922151144 98.002366242
2 191 57.922151144 98.002366242
2 191.2 57.922151144 98.002366242
2 191.4 57.922151144 98.002366242
2 191.6 57.922151144 98.002366242
2 191.8 57.922151144 98.002366242
2 192 57.922151144 98.002366242
2 192.2 57.922151144 98.002366242
2 192.4 57.922151144 98.002366242
2 192.6 57.922151144 98.002366242
2 192.8 57.922151144 98.002366242
2 193 57.922151144 98.002366242
2 193.2 57.922151144 98.002366242
2 193.4 57.922151144 98.002366242
2 193.6 57.922151144 98.002366242
2 193.8 57.922151144 98.002366242
2 194 57.922151144 98.002366242
2 194.2 57.922151144 98.002366242
2 194.4 57.922151144 98.002366242
2 194.6 57.922151144 98.002366242
2 194.8 57.922151144 98.002366242
2 195 57.922151144 98.002366242
2 195.2 57.922151144 98.002366242
2 195.4 57.922151144 98.002366242
2 195.6 57.922151144 98.002366242
2 195.8 57.922151144 98.002366242
2 196 57.922151144 98.002366242
2 196.2 57.922151144 98.002366242
2 196.4 57.922151144 98.002366242
2 196.6 57.922151144 98.002366242
2 196.8 57.922151144 98.002366242
2 197 57.922151144 98.002366242
2 197.2 57.922151144 98.002366242
2 197.4 57.922151144 98.002366242
2 197.6 57.922151144 98.002366242
2 197.8 57.922151144 98.002366242
2 198 57.922151144 98.002366242
2 198.2 57.922151144 98.002366242
2 198.4 57.922151144 98.002366242
2 198.6 57.922151144 98.002366242
2 198.8 57.922151144 98.002366242
2 199 57.922151144 98.002366242
2 199.2 57.922151144 98.002366242
2 199.4 57.922151144 98.002366242
2 199.6 57.922151144 98.002366242
2 199.8 57.922151144 98.002366242
2 200 57.922151144 98.002366242
2 200.2 57.922151144 98.002366242
2 200.4 57.922151144 98.002366242
2 200.6 57.922151144 98.002366242
2 200.8 57.922151144 98.002366242
2 201 57.922151144 98.002366242
2 201.2 57.922151144 98.002366242
2 201.4 57.922151144 98.002366242
2 201.6 57.922151144 98.002366242
2 201.8 57.922151144 98.002366242
2 202 57.922151144 98.002366242
2 202.2 57.922151144 98.002366242
2 202.4 57.922151144 98.002366242
2 202.6 57.922151144 98.002366242
2 202.8 57.922151144 98.002366242
2 203 57.922151144 98.002366242
2 203.2 57.922151144 98.002366242
2 203.4 57.922151144 98.002366242
2 203.6 57.922151144 98.002366242
2 203.8 57.922151144 98.002366242
2 204 57.922151144 98.002366242
2 204.2 57.922151144 98.002366242
2 204.4 57.922151144 98.002366242
2 204.6 57.922151144 98.002366242
2 204.8 57.922151144 98.002366242
2 205 57.922151144 98.002366242
2 205.2 57.922151144 98.002366242
2 205.4 57.922151144 98.002366242
2 205.6 57.922151144 98.002366242
2 205.8 57.922151144 98.002366242
2 206 57.922151144 98.002366242
2 206.2 57.922151144 98.002366242
2 206.4 57.922151144 98.002366242
2 206.6 57.922151144 98.002366242
2 206.8 57.922151144 98.002366242
2 207 57.922151144 98.002366242
2 207.2 57.922151144 98.002366242
2 207.4 57.922151144 98.002366242
2 207.6 57.922151144 98.002366242
2 207.8 57.922151144 98.002366242
2 208 57.922151144 98.002366242
2 208.2 57.922151144 98.002366242
2 208.4 57.922151144 98.002366242
2 208.6 57.922151144 98.002366242
2 208.8 57.922151144 98.002366242
2 209 57.922151144 98.002366242
2 209.2 57.922151144 98.002366242
2 209.4 57.922151144 98.002366242
2 209.6 57.922151144 98.002366242
2 209.8 57.922151144 98.002366242
2 210 57.922151144 98.002366242
2 210.2 57.922151144 98.002366242
2 210.4 57.922151144 98.002366242
2 210.6 57.922151144 98.002366242
2 210.8 57.922151144 98.002366242
2 211 57.922151144 98.002366242
2 211.2 57.922151144 98.002366242
2 211.4 57.922151144 98.002366242
2 211.6 57.922151144 98.002366242
2 211.8 57.922151144 98.002366242
2 212 57.922151144 98.002366242
2 212.2 57.922151144 98.002366242
2 212.4 57.922151144 98.002366242
2 212.6 57.922151144 98.002366242
2 212.8 57.922151144 98.002366242
2 213 57.922151144 98.002366242
2 213.2 57.922151144 98.002366242
2 213.4 57.922151144 98.002366242
2 213.6 57.922151144 98.002366242
2 213.8 57.922151144 98.002366242
2 214 57.922151144 98.002366242
2 214.2 57.922151144 98.002366242
2 214.4 57.922151144 98.002366242
2 214.6 57.922151144 98.002366242
2 214.8 57.922151144 98.002366242
2 215 57.922151144 98.002366242
2 215.2 57.922151144 98.002366242
2 215.4 57.922151144 98.002366242
2 215.6 57.922151144 98.002366242
2 215.8 57.922151144 98.002366242
2 216 57.922151144 98.002366242
2 216.2 57.922151144 98.002366242
2 216.4 57.922151144 98.002366242
2 216.6 57.922151144 98.002366242
2 216.8 57.922151144 98.002366242
2 217 57.922151144 98.002366242
2 217.2 57.922151144 98.002366242
2 217.4 57.922151144 98.002366242
2 217.6 57.922151144 98.002366242
2 217.8 57.922151144 98.002366242
2 218 57.922151144 98.002366242
2 218.2 57.922151144 98.002366242
2 218.4 57.922151144 98.002366242
2 218.6 57.922151144 98.002366242
2 218.8 57.922151144 98.002366242
2 219 57.922151144 98.002366242
2 219.2 57.922151144 98.002366242
2 219.4 57.922151144 98.002366242
2 219.6 57.922151144 98.002366242
2 219.8 57.922151144 98.002366242
2 220 57.922151144 98.002366242
2 220.2 57.922151144 98.002366242
2 220.4 57.922151144 98.002366242
2 220.6 57.922151144 98.002366242
2 220.8 57.922151144 98.002366242
2 221 57.922151144 98.002366242
2 221.2 57.922151144 98.002366242
2 221.4 57.922151144 98.002366242
2 221.6 57.922151144 98.002366242
2 221.8 57.922151144 98.002366242
2 222 57.922151144 98.002366242
2 222.2 57.922151144 98.002366242
2 222.4 57.922151144 98.002366242
